<TICKER>,<PER>,<DATE>,<TIME>,<OPEN>,<HIGH>,<LOW>,<CLOSE>,<VOL>
GAZP,60,240801,100000,133.48,134.35,132.98,133.81,5098690
GAZP,60,240801,110000,133.84,133.92,133.31,133.43,2234020
GAZP,60,240801,120000,133.42,133.64,133.15,133.27,1395490
GAZP,60,240801,130000,133.26,133.64,132.76,133.1,3167250
GAZP,60,240801,140000,133.07,133.4,132.73,133.05,2525180
GAZP,60,240801,150000,133.05,133.4,132.66,133.02,1601980
GAZP,60,240801,160000,133.05,133.5,133.02,133.37,1005390
GAZP,60,240801,170000,133.37,133.48,132.81,132.98,1015100
GAZP,60,240801,180000,132.96,132.97,132.41,132.48,2726820
GAZP,60,240801,190000,132.48,132.97,132.25,132.75,1600500
GAZP,60,240801,200000,132.71,132.77,132.17,132.35,1989680
GAZP,60,240801,210000,132.35,132.49,131.51,131.9,3599690
GAZP,60,240801,220000,131.9,132.29,131.75,132.16,873250
GAZP,60,240801,230000,132.16,132.21,131.83,132.05,748090
GAZP,60,240802,100000,132.05,132.6,131.33,132.11,4773960
GAZP,60,240802,110000,132.11,132.48,131.38,131.43,3689460
GAZP,60,240802,120000,131.43,131.64,130.7,131.12,4007980
GAZP,60,240802,130000,131.13,131.45,130.9,131.11,1627550
GAZP,60,240802,140000,131.06,131.06,129.77,130.47,7170360
GAZP,60,240802,150000,130.48,130.74,129.66,130.43,2922410
GAZP,60,240802,160000,130.44,130.98,130,130.82,2367740
GAZP,60,240802,170000,130.83,132.4,130.6,131.86,5879530
GAZP,60,240802,180000,131.87,132.09,131.28,131.31,3318770
GAZP,60,240802,190000,131.31,131.4,130.94,131.08,1326240
GAZP,60,240802,200000,131.08,131.08,130.7,130.91,1184310
GAZP,60,240802,210000,130.9,131.48,130.81,131.14,1345010
GAZP,60,240802,220000,131.14,131.48,131.13,131.44,422040
GAZP,60,240802,230000,131.48,131.66,131.3,131.45,658860
GAZP,60,240805,100000,129.06,130.54,128.7,129.36,11356910
GAZP,60,240805,110000,129.36,130,128.25,128.4,7251710
GAZP,60,240805,120000,128.45,128.87,127.6,128.59,9093660
GAZP,60,240805,130000,128.59,129.15,127.74,128.63,6212710
GAZP,60,240805,140000,128.63,129,127.48,127.85,4622310
GAZP,60,240805,150000,127.85,128.12,127,127.27,6124700
GAZP,60,240805,160000,127.27,128.22,127.21,127.89,4820220
GAZP,60,240805,170000,127.9,128.22,127.52,128.01,2250420
GAZP,60,240805,180000,128,128.36,127.68,127.85,2328680
GAZP,60,240805,190000,127.85,128.34,127.7,128.09,1297100
GAZP,60,240805,200000,128.09,128.27,127.75,128.13,834280
GAZP,60,240805,210000,128.13,128.13,127.25,127.25,1497810
GAZP,60,240805,220000,127.29,127.75,127.2,127.59,960670
GAZP,60,240805,230000,127.59,127.65,127.25,127.25,806020
GAZP,60,240806,100000,128.39,129.49,128.23,129.47,8751020
GAZP,60,240806,110000,129.47,129.6,128.52,128.52,4051990
GAZP,60,240806,120000,128.53,129.2,128.4,128.84,2574300
GAZP,60,240806,130000,128.84,129.4,128.67,129.08,2084390
GAZP,60,240806,140000,129.08,129.47,128.76,128.85,2301500
GAZP,60,240806,150000,128.83,128.98,127.8,127.95,4264840
GAZP,60,240806,160000,127.94,128.22,127.34,127.84,4318040
GAZP,60,240806,170000,127.83,128.5,127.75,128.11,3389860
GAZP,60,240806,180000,128.1,128.62,128,128.41,2521310
GAZP,60,240806,190000,128.5,128.83,128.46,128.57,769330
GAZP,60,240806,200000,128.57,128.65,128.5,128.63,208220
GAZP,60,240806,210000,128.62,129.06,128.53,129,962290
GAZP,60,240806,220000,129,129.01,128.57,128.7,488310
GAZP,60,240806,230000,128.69,128.81,128.6,128.7,400300
GAZP,60,240807,100000,128.88,129.4,128.3,128.63,5753360
GAZP,60,240807,110000,128.64,128.64,126.6,127.27,9984020
GAZP,60,240807,120000,127.26,127.75,126.18,127.6,8523070
GAZP,60,240807,130000,127.6,128.12,127.02,127.21,5008380
GAZP,60,240807,140000,127.2,127.96,127.17,127.86,2348290
GAZP,60,240807,150000,127.88,128.56,127.67,128.09,5868420
GAZP,60,240807,160000,128.1,128.49,127.8,128.04,3473410
GAZP,60,240807,170000,128.04,130.33,128.04,130.06,9196680
GAZP,60,240807,180000,130.07,130.33,129.56,130.07,4830850
GAZP,60,240807,190000,130,130.34,129.61,129.78,1774250
GAZP,60,240807,200000,129.78,129.78,129.18,129.62,1878910
GAZP,60,240807,210000,129.62,129.67,129.29,129.38,1018480
GAZP,60,240807,220000,129.39,129.89,129.35,129.55,1181810
GAZP,60,240807,230000,129.55,129.96,129.48,129.84,894160
GAZP,60,240808,100000,130.02,130.88,129.36,130.27,7921850
GAZP,60,240808,110000,130.27,130.7,129.8,130.22,2908740
GAZP,60,240808,120000,130.22,130.91,129.87,130.16,2522740
GAZP,60,240808,130000,130.13,130.35,129.2,129.79,3309190
GAZP,60,240808,140000,129.77,129.85,128.8,129.67,3696490
GAZP,60,240808,150000,129.66,129.71,129.03,129.31,1568050
GAZP,60,240808,160000,129.31,129.37,128.85,129.15,2103630
GAZP,60,240808,170000,129.15,129.3,128.4,129.12,3692390
GAZP,60,240808,180000,129.09,129.2,128.04,128.38,3356310
GAZP,60,240808,190000,128.23,128.58,127.83,128.02,2743540
GAZP,60,240808,200000,128.02,128.4,127.36,127.87,3018560
GAZP,60,240808,210000,127.83,128.39,127.8,128.35,1537610
GAZP,60,240808,220000,128.34,128.34,127.77,127.78,486090
GAZP,60,240808,230000,127.78,128.22,127.72,128.14,372730
GAZP,60,240809,100000,128.03,129.1,127.27,128.94,6851430
GAZP,60,240809,110000,128.95,129.25,128.7,128.95,2859480
GAZP,60,240809,120000,128.94,129.09,128.01,128.52,2235520
GAZP,60,240809,130000,128.52,129,128.4,128.62,2176350
GAZP,60,240809,140000,128.62,129.2,128.45,129.17,2028610
GAZP,60,240809,150000,129.15,129.76,128.93,129.55,3946700
GAZP,60,240809,160000,129.57,129.6,128.56,128.89,2682120
GAZP,60,240809,170000,128.87,128.88,128.22,128.73,1195680
GAZP,60,240809,180000,128.73,129.2,128.47,129.09,1304190
GAZP,60,240809,190000,129.09,129.09,128.73,128.8,930680
GAZP,60,240809,200000,128.77,128.84,128.63,128.81,467980
GAZP,60,240809,210000,128.81,128.93,128.5,128.56,713270
GAZP,60,240809,220000,128.55,128.86,128.5,128.76,843130
GAZP,60,240809,230000,128.76,128.81,128.47,128.64,1152690
GAZP,60,240812,100000,128.38,128.61,127.45,127.9,5308300
GAZP,60,240812,110000,127.89,128.34,127.3,127.43,3482570
GAZP,60,240812,120000,127.43,127.75,127.11,127.58,2300730
GAZP,60,240812,130000,127.56,128.39,127.5,127.96,1794710
GAZP,60,240812,140000,127.98,128.3,127.82,128.24,1406050
GAZP,60,240812,150000,128.23,129.35,128.23,128.78,3978470
GAZP,60,240812,160000,128.77,128.88,128.22,128.31,2113060
GAZP,60,240812,170000,128.31,128.6,128.04,128.41,1402390
GAZP,60,240812,180000,128.41,128.84,128.22,128.22,772020
GAZP,60,240812,190000,128.23,128.49,128.2,128.23,847850
GAZP,60,240812,200000,128.25,128.49,128.22,128.39,712490
GAZP,60,240812,210000,128.39,128.58,128.35,128.41,354730
GAZP,60,240812,220000,128.41,128.7,128.35,128.61,370490
GAZP,60,240812,230000,128.6,129.18,128.5,128.71,956970
GAZP,60,240813,100000,128.79,130.8,128.79,129.65,4762160
GAZP,60,240813,110000,129.65,129.7,129.07,129.57,1984350
GAZP,60,240813,120000,129.58,130,129.41,129.86,2823390
GAZP,60,240813,130000,129.85,130.4,129.53,130.19,3500010
GAZP,60,240813,140000,130.15,130.2,129.56,129.99,1290860
GAZP,60,240813,150000,130,130.25,129.85,130.24,1612900
GAZP,60,240813,160000,130.24,130.39,129.83,130.34,2070750
GAZP,60,240813,170000,130.33,130.65,129.83,130.02,2545900
GAZP,60,240813,180000,130.02,130.1,129.7,130.03,1110300
GAZP,60,240813,190000,129.82,129.98,129.75,129.83,264090
GAZP,60,240813,200000,129.83,130.02,129.81,130.02,295150
GAZP,60,240813,210000,130,130.2,129.95,129.97,456670
GAZP,60,240813,220000,130,130.18,129.9,130.12,274220
GAZP,60,240813,230000,130.18,130.58,130.1,130.49,820350
GAZP,60,240814,100000,130.8,131.49,130.59,131.02,5971850
GAZP,60,240814,110000,131.01,131.39,130.84,131.11,1492030
GAZP,60,240814,120000,131.1,131.38,130.87,131.23,1299100
GAZP,60,240814,130000,131.22,131.3,130.59,130.89,2530820
GAZP,60,240814,140000,130.89,131,130.51,130.6,1823250
GAZP,60,240814,150000,130.61,130.81,130.47,130.63,1039250
GAZP,60,240814,160000,130.64,130.71,130.49,130.5,77400
GAZP,60,240814,170000,130.5,130.6,129.8,130.14,2512930
GAZP,60,240814,180000,130.14,130.36,129.92,129.99,1947060
GAZP,60,240814,190000,129.99,130,129.61,129.79,1020930
GAZP,60,240814,200000,129.8,129.93,129.67,129.7,386390
GAZP,60,240814,210000,129.7,129.84,129.66,129.7,497660
GAZP,60,240814,220000,129.7,129.77,129.51,129.59,597130
GAZP,60,240814,230000,129.58,129.86,129.58,129.84,471960
GAZP,60,240815,100000,129.98,130.31,129.25,129.46,2946520
GAZP,60,240815,110000,129.39,129.44,128.52,128.8,3731320
GAZP,60,240815,120000,128.8,129.65,128.77,129.38,1781040
GAZP,60,240815,130000,129.35,129.71,128.81,128.94,1204210
GAZP,60,240815,140000,128.93,129.03,128.22,128.64,1771260
GAZP,60,240815,150000,128.65,128.69,127.85,127.94,2409460
GAZP,60,240815,160000,127.93,128.39,127.55,128.06,4328680
GAZP,60,240815,170000,128.06,128.24,127.14,127.23,2893390
GAZP,60,240815,180000,127.22,127.63,127.01,127.63,2276480
GAZP,60,240815,190000,127.44,127.7,127.32,127.68,769600
GAZP,60,240815,200000,127.69,127.86,127.41,127.51,481600
GAZP,60,240815,210000,127.51,127.68,127.43,127.53,256480
GAZP,60,240815,220000,127.53,127.59,127.24,127.26,508600
GAZP,60,240815,230000,127.27,127.6,127.24,127.6,335090
GAZP,60,240816,100000,127.61,128.24,127.3,127.58,3564610
GAZP,60,240816,110000,127.63,127.82,127.19,127.37,1254020
GAZP,60,240816,120000,127.38,127.71,127.25,127.39,1602980
GAZP,60,240816,130000,127.38,127.39,126.69,127.11,3684750
GAZP,60,240816,140000,127.15,127.69,127,127.19,1372190
GAZP,60,240816,150000,127.21,127.6,127.06,127.46,964030
GAZP,60,240816,160000,127.47,128.24,127.47,128.01,3144270
GAZP,60,240816,170000,128.01,128.1,127.55,127.71,1399550
GAZP,60,240816,180000,127.7,127.71,126.6,126.6,2961560
GAZP,60,240816,190000,126.69,126.91,126.55,126.7,1434740
GAZP,60,240816,200000,126.7,126.85,126.31,126.33,1594290
GAZP,60,240816,210000,126.32,126.32,125.68,125.75,3480940
GAZP,60,240816,220000,125.74,126.1,125.26,125.77,2387090
GAZP,60,240816,230000,125.73,127.05,125.71,126.36,1585600
GAZP,60,240819,100000,126.42,127.38,125.85,126.93,6714880
GAZP,60,240819,110000,126.93,127.69,126.42,126.71,3556130
GAZP,60,240819,120000,126.73,126.85,126.08,126.28,2106850
GAZP,60,240819,130000,126.29,126.48,125.51,126.08,4133960
GAZP,60,240819,140000,126.05,126.46,125.28,125.66,1951140
GAZP,60,240819,150000,125.68,126.1,125.36,125.64,1492060
GAZP,60,240819,160000,125.64,126.5,125.21,126.5,2855580
GAZP,60,240819,170000,126.48,127.07,126.11,126.92,3075260
GAZP,60,240819,180000,126.89,126.89,125.75,125.75,1540520
GAZP,60,240819,190000,125.73,126.16,125.52,126.14,1350230
GAZP,60,240819,200000,126.14,126.17,125.7,126,451690
GAZP,60,240819,210000,125.99,126.23,125.92,126.17,279070
GAZP,60,240819,220000,126.16,126.28,126,126.01,441570
GAZP,60,240819,230000,126,126.3,126,126.29,501090
GAZP,60,240820,100000,126.29,126.8,125.9,126.18,3393650
GAZP,60,240820,110000,126.18,126.7,125.82,126.69,2682680
GAZP,60,240820,120000,126.69,127.64,126.35,127.37,4283390
GAZP,60,240820,130000,127.37,127.57,126.7,127.24,2631720
GAZP,60,240820,140000,127.24,127.47,126.7,127.04,1910710
GAZP,60,240820,150000,127.04,127.11,126,126.01,3632580
GAZP,60,240820,160000,126,126.49,125.64,126.2,2313070
GAZP,60,240820,170000,126.2,126.36,125.62,125.78,1982840
GAZP,60,240820,180000,125.77,125.89,125.34,125.5,1881210
GAZP,60,240820,190000,125.52,125.86,125.52,125.54,807970
GAZP,60,240820,200000,125.56,125.94,125.5,125.84,717550
GAZP,60,240820,210000,125.84,125.9,125.44,125.48,500540
GAZP,60,240820,220000,125.51,126.05,125.33,125.86,941720
GAZP,60,240820,230000,125.86,126.1,125.71,125.85,484380
GAZP,60,240821,100000,125.5,126.4,125.5,125.8,2337310
GAZP,60,240821,110000,125.8,125.81,123.88,124.04,8996340
GAZP,60,240821,120000,124.01,124.71,123.95,124.44,3809800
GAZP,60,240821,130000,124.44,124.45,123.53,124.07,2855990
GAZP,60,240821,140000,124.04,124.45,123.4,123.85,3521680
GAZP,60,240821,150000,123.84,124.31,123.73,123.8,1992800
GAZP,60,240821,160000,123.81,124.34,123.52,123.99,2926590
GAZP,60,240821,170000,124,124.49,123.76,123.93,3607250
GAZP,60,240821,180000,123.93,123.99,123.6,123.66,1253160
GAZP,60,240821,190000,123.86,124,123.21,123.44,1614700
GAZP,60,240821,200000,123.43,123.49,123.03,123.34,1363060
GAZP,60,240821,210000,123.34,123.49,123.07,123.18,694310
GAZP,60,240821,220000,123.18,123.51,123.11,123.43,398860
GAZP,60,240821,230000,123.42,123.59,123.2,123.38,560160
GAZP,60,240822,100000,123.4,123.76,122.6,123.37,3448580
GAZP,60,240822,110000,123.37,123.97,123.21,123.41,2656970
GAZP,60,240822,120000,123.41,123.57,123.08,123.43,1465800
GAZP,60,240822,130000,123.43,123.7,123.11,123.21,1181770
GAZP,60,240822,140000,123.2,123.4,122.22,122.26,3692330
GAZP,60,240822,150000,122.27,122.5,121.32,121.42,3501850
GAZP,60,240822,160000,121.41,121.53,119.67,120.24,11597700
GAZP,60,240822,170000,120.21,120.5,119.24,119.66,7810970
GAZP,60,240822,180000,119.66,119.66,118.41,119,7111390
GAZP,60,240822,190000,119,119.28,117.84,118.97,7835730
GAZP,60,240822,200000,118.97,119.28,118.5,118.97,2357540
GAZP,60,240822,210000,118.97,119,118.27,118.29,1200360
GAZP,60,240822,220000,118.29,119.35,118.24,119.26,1303020
GAZP,60,240822,230000,119.26,119.33,118.3,118.51,975340
GAZP,60,240823,100000,118.2,119.24,116.06,117.32,15328840
GAZP,60,240823,110000,117.32,117.5,116.41,116.9,5250830
GAZP,60,240823,120000,116.9,118.18,116.88,117.36,4227510
GAZP,60,240823,130000,117.36,117.46,116.64,116.87,2431010
GAZP,60,240823,140000,116.81,117.17,115.7,116.07,4955920
GAZP,60,240823,150000,116.07,116.88,115.81,116.84,6277740
GAZP,60,240823,160000,116.84,117.34,116.39,117.29,3490470
GAZP,60,240823,170000,117.3,117.34,115.94,116.14,4102970
GAZP,60,240823,180000,116.14,116.5,115,116.26,6596780
GAZP,60,240823,190000,116.25,116.3,115.42,116.3,1724970
GAZP,60,240823,200000,116.3,116.74,116.21,116.31,1154300
GAZP,60,240823,210000,116.31,116.6,116.05,116.53,1076210
GAZP,60,240823,220000,116.52,117.16,116.52,116.92,2571080
GAZP,60,240823,230000,116.92,117.21,116.69,116.81,1398230
GAZP,60,240826,100000,119.5,122.26,119.49,122.25,23466090
GAZP,60,240826,110000,122.25,122.7,121.5,122.55,11626540
GAZP,60,240826,120000,122.55,123.1,122.14,122.85,7911300
GAZP,60,240826,130000,122.86,123.46,122.8,122.84,8500230
GAZP,60,240826,140000,122.93,125.35,122.8,124.64,10519320
GAZP,60,240826,150000,124.64,125.75,124.15,125.14,8997790
GAZP,60,240826,160000,125.14,128.01,125.13,126.12,21926560
GAZP,60,240826,170000,126.12,126.88,125.33,125.52,12243130
GAZP,60,240826,180000,125.51,125.59,124.5,124.61,6825150
GAZP,60,240826,190000,124.79,126.3,124.63,126.1,4012550
GAZP,60,240826,200000,126.1,126.56,125.61,125.85,3232890
GAZP,60,240826,210000,125.85,125.89,125.5,125.5,1346240
GAZP,60,240826,220000,125.51,126.25,125.5,126.12,1068900
GAZP,60,240826,230000,126.11,126.8,126.07,126.8,1440690
GAZP,60,240827,100000,127.3,127.98,125.53,126.3,14620410
GAZP,60,240827,110000,126.3,126.69,125.5,125.59,8676120
GAZP,60,240827,120000,125.59,126.79,125.01,126.66,7798400
GAZP,60,240827,130000,126.65,127.22,125.45,125.5,8325750
GAZP,60,240827,140000,125.49,126.34,125.1,126.2,6301170
GAZP,60,240827,150000,126.21,126.33,123.92,124.24,13097210
GAZP,60,240827,160000,124.24,124.78,122.85,123.16,14235090
GAZP,60,240827,170000,123.16,123.77,122.96,123.13,6225720
GAZP,60,240827,180000,123.13,123.42,122.52,122.93,5014430
GAZP,60,240827,190000,123.18,123.26,122.68,122.88,1502610
GAZP,60,240827,200000,122.9,123.79,122.83,123.66,1846140
GAZP,60,240827,210000,123.66,123.66,123.25,123.39,715820
GAZP,60,240827,220000,123.4,124,123.4,123.9,2342980
GAZP,60,240827,230000,123.9,124.7,123.71,124.47,1796960
GAZP,60,240828,100000,124.34,124.47,122.22,122.99,9131350
GAZP,60,240828,110000,122.98,123.43,121.61,121.96,6728870
GAZP,60,240828,120000,121.94,122.5,121.52,121.79,5270420
GAZP,60,240828,130000,121.8,122.03,121,121.87,6717750
GAZP,60,240828,140000,121.87,122.2,121.3,121.41,3540740
GAZP,60,240828,150000,121.41,123.4,121.35,122.73,6113420
GAZP,60,240828,160000,122.72,125.67,122.7,124.41,14527920
GAZP,60,240828,170000,124.4,124.79,123.82,123.85,4970080
GAZP,60,240828,180000,123.84,124.03,122.6,122.6,5377640
GAZP,60,240828,190000,122.85,124.6,122.85,123.96,3183590
GAZP,60,240828,200000,123.96,124.73,123.9,124.59,2278340
GAZP,60,240828,210000,124.64,124.9,124.37,124.55,1173810
GAZP,60,240828,220000,124.55,124.78,124.41,124.65,802480
GAZP,60,240828,230000,124.66,124.88,124,124.51,1328220
GAZP,60,240829,100000,124.49,125.47,123.55,125.2,8326000
GAZP,60,240829,110000,125.21,126.5,124.93,125.88,10587230
GAZP,60,240829,120000,125.89,126.13,123.86,124.36,9769750
GAZP,60,240829,130000,124.35,125.6,124.18,124.91,4631460
GAZP,60,240829,140000,124.93,125.2,124.22,124.84,3113660
GAZP,60,240829,150000,124.84,125.99,124.84,125.07,5204010
GAZP,60,240829,160000,125.07,125.8,124.8,125.47,3693170
GAZP,60,240829,170000,125.46,130,123.6,128.96,63912900
GAZP,60,240829,180000,128.95,129.8,128.24,129.58,20500620
GAZP,60,240829,190000,129.6,130.1,128.6,128.78,13745160
GAZP,60,240829,200000,128.78,129.34,128.73,129.23,3194280
GAZP,60,240829,210000,129.23,130,128.89,129.59,6208840
GAZP,60,240829,220000,129.66,130.91,129.38,130.38,8443600
GAZP,60,240829,230000,130.39,130.89,129.9,130.27,3704740
GAZP,60,240830,100000,130.88,131.3,128.75,128.88,20549330
GAZP,60,240830,110000,128.87,129.32,128.5,128.99,9052420
GAZP,60,240830,120000,128.99,129.06,126.1,127,18390190
GAZP,60,240830,130000,127.03,127.4,125.23,126,14976980
GAZP,60,240830,140000,126.01,126.48,124.55,124.79,11152660
GAZP,60,240830,150000,124.8,125.7,124.01,125,10413830
GAZP,60,240830,160000,125.02,125.67,124.41,125.05,6066450
GAZP,60,240830,170000,125.06,125.75,123.23,123.4,8938220
GAZP,60,240830,180000,123.39,124.35,122.84,123.61,7514080
GAZP,60,240830,190000,123.75,123.82,122.85,122.95,4739300
GAZP,60,240830,200000,122.92,123.42,122.6,123.42,4184720
GAZP,60,240830,210000,123.42,123.98,123.42,123.8,1789320
GAZP,60,240830,220000,123.79,123.87,123.03,123.18,1754930
GAZP,60,240830,230000,123.16,123.37,122.9,122.97,1823930
GAZP,60,240902,100000,122.89,123.86,121.43,122.33,16363320
GAZP,60,240902,110000,122.34,123.58,121.75,122.27,8404250
GAZP,60,240902,120000,122.27,123.39,121.9,122.78,6219100
GAZP,60,240902,130000,122.78,124.73,122.69,123.8,6737170
GAZP,60,240902,140000,123.85,124.7,123.25,123.89,6710260
GAZP,60,240902,150000,123.89,124,121.9,122.91,10708760
GAZP,60,240902,160000,122.94,123.9,122.3,123.02,6283510
GAZP,60,240902,170000,123.05,124.63,122.82,124.04,5688600
GAZP,60,240902,180000,124.05,124.33,123.49,123.52,3017730
GAZP,60,240902,190000,123.52,123.75,122.4,122.68,3733530
GAZP,60,240902,200000,122.66,122.74,121.6,122.2,3993840
GAZP,60,240902,210000,122.18,122.87,122.01,122.57,1701510
GAZP,60,240902,220000,122.57,123.16,122.43,122.5,1436160
GAZP,60,240902,230000,122.48,123.97,122,123.86,1839600
GAZP,60,240903,100000,124.15,125.17,122.01,122.7,12581110
GAZP,60,240903,110000,122.69,125,122.62,124.71,11320800
GAZP,60,240903,120000,124.69,125.5,123.91,124.67,9518200
GAZP,60,240903,130000,124.67,125.15,124.22,124.42,4668210
GAZP,60,240903,140000,124.47,124.54,122.82,123.06,5477770
GAZP,60,240903,150000,123.06,123.26,121.62,122.46,6343450
GAZP,60,240903,160000,122.44,123.24,122.34,122.88,3544970
GAZP,60,240903,170000,122.88,122.88,120.1,120.3,10949860
GAZP,60,240903,180000,120.3,120.33,118.6,120.13,11509690
GAZP,60,240903,190000,120.16,120.83,119.64,119.86,3713580
GAZP,60,240903,200000,119.87,120.41,119.55,119.82,1935650
GAZP,60,240903,210000,119.81,120.88,119.8,120.81,1308910
GAZP,60,240903,220000,120.81,121,120.13,120.56,961040
GAZP,60,240903,230000,120.59,120.9,120.5,120.6,613860
GAZP,60,240904,100000,120.7,121.3,119.66,120.43,9356240
GAZP,60,240904,110000,120.46,121.48,120.25,120.29,4710160
GAZP,60,240904,120000,120.3,120.8,119.78,120.2,4626190
GAZP,60,240904,130000,120.2,121.4,119.94,121.24,3554220
GAZP,60,240904,140000,121.22,121.39,120.42,120.95,3799000
GAZP,60,240904,150000,120.95,122.12,120.91,121.19,6139820
GAZP,60,240904,160000,121.19,121.49,120.82,121.36,1723780
GAZP,60,240904,170000,121.36,122.11,121.21,121.96,3048390
GAZP,60,240904,180000,121.94,122.69,121.54,122.4,3034100
GAZP,60,240904,190000,122.63,122.9,122.41,122.55,2551180
GAZP,60,240904,200000,122.55,122.74,122.14,122.55,1302170
GAZP,60,240904,210000,122.55,122.6,122.06,122.11,669830
GAZP,60,240904,220000,122.15,122.68,122.1,122.41,689380
GAZP,60,240904,230000,122.4,122.6,122.28,122.46,550920
GAZP,60,240905,100000,123.5,123.98,122,122.5,8368130
GAZP,60,240905,110000,122.5,123.1,121.54,122.55,3834230
GAZP,60,240905,120000,122.55,123.91,122.4,123.71,6031490
GAZP,60,240905,130000,123.71,123.72,123.07,123.65,3302470
GAZP,60,240905,140000,123.66,124.53,123.26,124,5034190
GAZP,60,240905,150000,124,124.5,123.67,124.34,4920360
GAZP,60,240905,160000,124.34,124.78,124.02,124.76,4111110
GAZP,60,240905,170000,124.75,124.95,124.11,124.53,4312900
GAZP,60,240905,180000,124.54,124.76,124.04,124.04,3407630
GAZP,60,240905,190000,124.39,124.4,123.4,123.6,2139720
GAZP,60,240905,200000,123.59,124.09,123.44,123.69,794420
GAZP,60,240905,210000,123.68,123.86,123.13,123.62,2058040
GAZP,60,240905,220000,123.62,123.94,123.45,123.63,927480
GAZP,60,240905,230000,123.62,123.96,123.62,123.76,413620
GAZP,60,240906,100000,123.75,124.45,123.43,124.21,3498480
GAZP,60,240906,110000,124.22,124.6,122.83,123.04,3788430
GAZP,60,240906,120000,123.05,123.39,122.61,123.3,3480390
GAZP,60,240906,130000,123.29,123.56,122.74,122.77,1295750
GAZP,60,240906,140000,122.8,123.5,122.63,123.12,1336760
GAZP,60,240906,150000,123.13,123.92,123.07,123.89,2414880
GAZP,60,240906,160000,123.9,123.9,123.38,123.67,1637980
GAZP,60,240906,170000,123.7,123.95,122.83,122.87,2220140
GAZP,60,240906,180000,122.89,123,122.26,122.61,2437150
GAZP,60,240906,190000,122.9,123.2,122.69,122.8,822180
GAZP,60,240906,200000,122.8,123.08,122.75,122.97,443100
GAZP,60,240906,210000,122.97,122.99,122.74,122.85,296240
GAZP,60,240906,220000,122.85,123.15,122.85,123,757530
GAZP,60,240906,230000,122.99,123.15,122.86,123,451620
GAZP,60,240909,100000,123.62,124,123.2,123.8,4806230
GAZP,60,240909,110000,123.8,124.5,123.7,124.35,4144480
GAZP,60,240909,120000,124.33,125.15,124.08,124.95,4201360
GAZP,60,240909,130000,124.94,125.48,124.61,124.74,3137550
GAZP,60,240909,140000,124.75,124.92,124.17,124.4,2640460
GAZP,60,240909,150000,124.41,124.69,124.14,124.35,2014710
GAZP,60,240909,160000,124.33,124.5,123.83,124.33,1930630
GAZP,60,240909,170000,124.33,124.77,124.31,124.64,1841600
GAZP,60,240909,180000,124.63,124.89,124.2,124.84,1434990
GAZP,60,240909,190000,124.84,125.25,124.68,125.13,1997510
GAZP,60,240909,200000,125.14,125.2,124.71,124.77,931030
GAZP,60,240909,210000,124.78,124.88,124.45,124.87,1062740
GAZP,60,240909,220000,124.85,125.02,124.84,124.97,473310
GAZP,60,240909,230000,124.97,125.25,124.9,125.04,1047350
GAZP,60,240910,100000,125.52,125.96,124.5,125.01,6620840
GAZP,60,240910,110000,125.02,125.04,124.24,124.31,3539490
GAZP,60,240910,120000,124.3,124.63,123.63,124.2,2492250
GAZP,60,240910,130000,124.19,124.47,123.9,124.17,1358000
GAZP,60,240910,140000,124.17,124.4,124.01,124.19,990150
GAZP,60,240910,150000,124.2,124.34,123.34,123.34,2997880
GAZP,60,240910,160000,123.35,124.15,123.23,123.89,1364830
GAZP,60,240910,170000,123.89,123.91,123.05,123.47,3481400
GAZP,60,240910,180000,123.44,123.59,123.2,123.26,999000
GAZP,60,240910,190000,123.38,123.47,122.82,123.2,2311820
GAZP,60,240910,200000,123.19,123.29,123.02,123.21,640050
GAZP,60,240910,210000,123.21,123.47,123.19,123.4,803510
GAZP,60,240910,220000,123.38,123.46,123.32,123.43,179060
GAZP,60,240910,230000,123.44,123.45,123.32,123.44,165530
GAZP,60,240911,100000,123.4,123.67,122.45,122.74,3761390
GAZP,60,240911,110000,122.73,122.99,122.51,122.76,1285650
GAZP,60,240911,120000,122.75,123.25,122.6,122.89,1264330
GAZP,60,240911,130000,122.89,123.14,122.67,122.78,1809240
GAZP,60,240911,140000,122.77,123.03,122.6,123,1237940
GAZP,60,240911,150000,122.99,123.4,122.77,122.98,1868510
GAZP,60,240911,160000,122.99,123.06,122.6,122.69,896900
GAZP,60,240911,170000,122.69,122.97,122.15,122.21,2777670
GAZP,60,240911,180000,122.21,122.55,121.91,121.99,2389180
GAZP,60,240911,190000,122,122.2,121.75,121.87,1751900
GAZP,60,240911,200000,121.87,122.18,121.75,121.87,891740
GAZP,60,240911,210000,121.83,122,121.75,121.76,350450
GAZP,60,240911,220000,121.75,121.9,121.35,121.61,1456340
GAZP,60,240911,230000,121.62,121.76,121.5,121.62,425100
GAZP,60,240912,100000,121.61,121.84,120.81,121.12,4617150
GAZP,60,240912,110000,121.12,121.15,120.1,120.22,5080100
GAZP,60,240912,120000,120.23,120.69,119.78,119.98,2851530
GAZP,60,240912,130000,119.98,120.15,119.65,120.06,3360440
GAZP,60,240912,140000,120.06,120.5,119.65,119.75,2387380
GAZP,60,240912,150000,119.73,120.01,117.32,117.93,10602960
GAZP,60,240912,160000,117.92,118.35,117.71,117.98,5889390
GAZP,60,240912,170000,117.98,118.51,117.82,118.06,4546850
GAZP,60,240912,180000,118.06,118.33,117.84,118.08,1468420
GAZP,60,240912,190000,118.08,118.64,118.04,118.07,2128980
GAZP,60,240912,200000,118.07,118.44,118,118.28,1112590
GAZP,60,240912,210000,118.28,118.69,118.19,118.47,943870
GAZP,60,240912,220000,118.5,118.81,118.43,118.62,806040
GAZP,60,240912,230000,118.62,118.83,118.53,118.78,984770
GAZP,60,240913,100000,118.79,119.06,118.21,118.73,3814810
GAZP,60,240913,110000,118.73,118.73,118.11,118.47,1874670
GAZP,60,240913,120000,118.46,118.77,118.22,118.7,1359030
GAZP,60,240913,130000,118.7,119.5,117,117.18,11754410
GAZP,60,240913,140000,117.18,117.37,116.01,116.92,11225150
GAZP,60,240913,150000,116.93,118.18,116.72,118.13,5358720
GAZP,60,240913,160000,118.12,119.42,117.74,118.91,6214770
GAZP,60,240913,170000,118.92,119.8,118.45,119.43,4701750
GAZP,60,240913,180000,119.43,119.87,119.31,119.87,3219350
GAZP,60,240913,190000,119.8,119.96,119.52,119.86,1659200
GAZP,60,240913,200000,119.85,119.9,119.07,119.37,1662570
GAZP,60,240913,210000,119.38,119.82,119.29,119.71,941460
GAZP,60,240913,220000,119.73,119.88,119.37,119.72,824780
GAZP,60,240913,230000,119.73,119.97,119.67,119.91,1193530
GAZP,60,240916,100000,120.6,120.99,119.75,119.92,6994590
GAZP,60,240916,110000,119.92,120.5,119.52,120.21,4931420
GAZP,60,240916,120000,120.26,121.38,120.26,121.27,4870040
GAZP,60,240916,130000,121.21,121.5,120.8,120.85,2841210
GAZP,60,240916,140000,120.86,122.23,120.58,121.61,4531330
GAZP,60,240916,150000,121.6,122,121.24,121.89,2572290
GAZP,60,240916,160000,121.9,122.31,121.65,122.01,3757480
GAZP,60,240916,170000,122.02,122.12,121.6,122.06,1969400
GAZP,60,240916,180000,122.06,122.62,121.89,122.13,2346450
GAZP,60,240916,190000,122.11,122.23,121.85,122,1170160
GAZP,60,240916,200000,122,122.2,121.87,122.15,359320
GAZP,60,240916,210000,122.15,122.58,122,122.18,1208130
GAZP,60,240916,220000,122.21,122.22,121.77,121.89,662520
GAZP,60,240916,230000,121.89,122,121.73,121.73,607680
GAZP,60,240917,100000,121.92,122.25,120.17,120.96,8165580
GAZP,60,240917,110000,120.95,121.27,120.31,121.27,4361310
GAZP,60,240917,120000,121.27,121.66,120.94,121.02,2676860
GAZP,60,240917,130000,121,121.11,120.61,121.03,2351270
GAZP,60,240917,140000,121.03,121.16,120.2,120.93,2375540
GAZP,60,240917,150000,120.94,121.4,120.64,121.36,1521470
GAZP,60,240917,160000,121.34,121.55,121.01,121.23,1882970
GAZP,60,240917,170000,121.25,123.23,121.05,123.14,6065210
GAZP,60,240917,180000,123.15,123.47,122.74,122.98,3971610
GAZP,60,240917,190000,123,123.2,122.73,123,1150610
GAZP,60,240917,200000,123,123.05,122.75,122.97,525740
GAZP,60,240917,210000,122.98,123.03,122.8,122.81,310130
GAZP,60,240917,220000,122.8,123,122.7,122.85,684890
GAZP,60,240917,230000,122.85,123.2,122.76,123.1,801430
GAZP,60,240918,100000,122.63,123.9,122.42,123.08,7221940
GAZP,60,240918,110000,123.08,123.19,121.9,122.27,5123120
GAZP,60,240918,120000,122.26,122.93,122.26,122.79,2867700
GAZP,60,240918,130000,122.8,123.18,122.3,122.68,3341060
GAZP,60,240918,140000,122.65,122.69,122.07,122.14,1986910
GAZP,60,240918,150000,122.11,122.6,122.02,122.18,1739190
GAZP,60,240918,160000,122.19,122.69,122,122.68,1895800
GAZP,60,240918,170000,122.68,123.11,122.35,122.57,2019920
GAZP,60,240918,180000,122.58,122.6,122.24,122.26,1288930
GAZP,60,240918,190000,122.25,122.4,122,122.2,1190830
GAZP,60,240918,200000,122.21,122.42,122.15,122.26,438020
GAZP,60,240918,210000,122.27,122.5,122.23,122.46,533170
GAZP,60,240918,220000,122.48,122.48,122.15,122.16,361930
GAZP,60,240918,230000,122.16,122.44,122,122.18,588440
GAZP,60,240919,100000,121.92,122.46,121.29,121.92,4151730
GAZP,60,240919,110000,121.93,122.23,121.72,122.12,2502860
GAZP,60,240919,120000,122.12,123.39,122.12,123.02,5223110
GAZP,60,240919,130000,123.03,123.06,122.14,122.14,3937650
GAZP,60,240919,140000,122.14,122.47,121.91,122.4,3827420
GAZP,60,240919,150000,122.39,122.41,121.21,122.04,13686730
GAZP,60,240919,160000,122.04,122.29,121.84,122.09,2105690
GAZP,60,240919,170000,122.05,123.21,121.98,122.52,4577750
GAZP,60,240919,180000,122.53,122.77,122.15,122.4,1523190
GAZP,60,240919,190000,122.41,122.74,122.2,122.3,655500
GAZP,60,240919,200000,122.3,122.6,122.29,122.49,313440
GAZP,60,240919,210000,122.49,122.5,122.35,122.45,134800
GAZP,60,240919,220000,122.46,122.47,122.2,122.25,339690
GAZP,60,240919,230000,122.25,122.38,122.15,122.24,296440
GAZP,60,240920,100000,122.26,122.97,122.25,122.82,3415850
GAZP,60,240920,110000,122.82,123.07,122.4,123.02,1837090
GAZP,60,240920,120000,123,123.18,122.58,122.78,3302170
GAZP,60,240920,130000,122.76,122.9,122.61,122.85,1357030
GAZP,60,240920,140000,122.84,123.1,122.35,122.54,2070720
GAZP,60,240920,150000,122.55,122.89,121.86,122.82,5618080
GAZP,60,240920,160000,122.81,123.02,122.17,122.3,4963050
GAZP,60,240920,170000,122.31,122.42,122.13,122.4,1266340
GAZP,60,240920,180000,122.39,122.54,122.22,122.23,941950
GAZP,60,240920,190000,122.31,122.51,122.24,122.33,603000
GAZP,60,240920,200000,122.33,122.43,122.19,122.35,709940
GAZP,60,240920,210000,122.35,122.49,122.35,122.38,736950
GAZP,60,240920,220000,122.39,122.45,122.35,122.42,574650
GAZP,60,240920,230000,122.42,122.69,122.4,122.4,1097780
GAZP,60,240923,100000,122.68,124.28,122.62,123.45,9564380
GAZP,60,240923,110000,123.46,123.8,123.21,123.48,2606950
GAZP,60,240923,120000,123.49,123.63,123.15,123.51,1638550
GAZP,60,240923,130000,123.51,124.08,123.43,123.97,2983950
GAZP,60,240923,140000,123.95,124.18,123.63,124.02,2144270
GAZP,60,240923,150000,124.03,124.06,123.52,123.58,2052680
GAZP,60,240923,160000,123.6,124,123.57,123.77,2111860
GAZP,60,240923,170000,123.77,123.88,123.45,123.87,2159190
GAZP,60,240923,180000,123.87,123.87,122.7,122.92,3068670
GAZP,60,240923,190000,122.92,129.84,122.7,129.76,64706480
GAZP,60,240923,200000,129.78,130.42,129.02,129.14,24633630
GAZP,60,240923,210000,129.14,129.94,128.85,129.92,8000370
GAZP,60,240923,220000,129.91,130.79,129.6,130.62,6953730
GAZP,60,240923,230000,130.62,130.8,130,130.35,5578080
GAZP,60,240924,100000,130.89,134.78,130.66,134.05,79430520
GAZP,60,240924,110000,134.04,134.48,132.94,133.95,19932550
GAZP,60,240924,120000,133.96,135.57,133.51,135.3,28558970
GAZP,60,240924,130000,135.26,136.45,134.72,135.22,24194190
GAZP,60,240924,140000,135.21,135.81,133.7,135,22610290
GAZP,60,240924,150000,135,135.62,133.82,134.52,15001400
GAZP,60,240924,160000,134.57,135.5,134.4,135.28,11021090
GAZP,60,240924,170000,135.29,136.95,135.12,136.9,17353250
GAZP,60,240924,180000,136.9,138.9,136.65,138.83,32893330
GAZP,60,240924,190000,138.8,138.9,137.82,138.36,11207140
GAZP,60,240924,200000,138.33,139.9,138.18,139.52,15391200
GAZP,60,240924,210000,139.51,139.58,138.67,139.25,9016100
GAZP,60,240924,220000,139.26,139.79,139.11,139.3,4734560
GAZP,60,240924,230000,139.3,139.85,139.1,139.71,4447030
GAZP,60,240925,100000,140.5,140.99,136.91,137.25,42091060
GAZP,60,240925,110000,137.25,138.69,136.81,137.95,16191620
GAZP,60,240925,120000,137.95,139.2,137.69,138.34,10933510
GAZP,60,240925,130000,138.34,138.54,137.5,138,7548850
GAZP,60,240925,140000,137.96,138.2,136.87,137,5798200
GAZP,60,240925,150000,137,137.2,135.99,136.4,13371170
GAZP,60,240925,160000,136.4,136.43,135.5,136.04,10832710
GAZP,60,240925,170000,136.03,136.75,135.33,136.46,10067220
GAZP,60,240925,180000,136.48,137.5,136.02,136.02,8161310
GAZP,60,240925,190000,136.2,136.83,135.09,135.31,6987050
GAZP,60,240925,200000,135.31,135.43,134.29,135,9621850
GAZP,60,240925,210000,134.99,136,134.82,135.86,4254220
GAZP,60,240925,220000,135.85,135.9,135.51,135.66,1673870
GAZP,60,240925,230000,135.67,135.8,135.07,135.44,2027380
GAZP,60,240926,100000,134.94,135.44,133.64,134.49,20783330
GAZP,60,240926,110000,134.5,138.32,134.46,137.49,35708110
GAZP,60,240926,120000,137.48,138.44,137.08,137.28,10013940
GAZP,60,240926,130000,137.24,138.08,136.43,136.64,7096870
GAZP,60,240926,140000,136.62,138.4,135.25,138.3,15989070
GAZP,60,240926,150000,138.3,138.48,137.02,137.45,12246430
GAZP,60,240926,160000,137.45,137.91,136.65,136.81,7950530
GAZP,60,240926,170000,136.81,137.46,136.06,136.5,9879350
GAZP,60,240926,180000,136.51,137.4,136.15,136.99,3957380
GAZP,60,240926,190000,137.11,137.23,136.63,136.72,2312070
GAZP,60,240926,200000,136.75,136.86,136.43,136.7,1681770
GAZP,60,240926,210000,136.69,136.82,136.32,136.64,1459970
GAZP,60,240926,220000,136.64,137.11,136.63,137.07,869300
GAZP,60,240926,230000,137.06,137.58,137.06,137.35,1182160
GAZP,60,240927,100000,137.58,138.13,136.4,136.72,9927730
GAZP,60,240927,110000,136.72,138.2,136.72,138.14,7506300
GAZP,60,240927,120000,138.14,139.1,137.62,138.95,7465460
GAZP,60,240927,130000,138.95,139.47,138.7,139.25,9630930
GAZP,60,240927,140000,139.24,139.46,138.83,139.08,4905950
GAZP,60,240927,150000,139.07,139.3,138.83,139.03,3486010
GAZP,60,240927,160000,139.03,139.7,138.91,139.53,4270820
GAZP,60,240927,170000,139.53,140.49,139.52,140.12,8764200
GAZP,60,240927,180000,140.12,141.77,140.08,141,11462990
GAZP,60,240927,190000,140.97,141.44,139.91,140.09,9786620
GAZP,60,240927,200000,140.09,140.48,139.83,140.15,3525440
GAZP,60,240927,210000,140.15,140.55,140,140.46,1775050
GAZP,60,240927,220000,140.46,140.7,140.23,140.67,1411830
GAZP,60,240927,230000,140.7,140.82,140.36,140.5,2276780
GAZP,60,240930,100000,140.51,142.23,139.51,141.96,21079740
GAZP,60,240930,110000,141.96,143.2,141.56,142.11,17303010
GAZP,60,240930,120000,142.1,142.19,136.82,138.48,42736550
GAZP,60,240930,130000,138.43,140.29,137.68,139.1,13168040
GAZP,60,240930,140000,139.1,139.19,137.61,138.11,10025000
GAZP,60,240930,150000,138.11,144.2,137.98,141.84,71324210
GAZP,60,240930,160000,141.85,143.4,141.6,141.86,16812500
GAZP,60,240930,170000,141.86,142.18,139.64,139.84,13609580
GAZP,60,240930,180000,139.84,140.48,139.56,140,6148800
GAZP,60,240930,190000,139.96,139.98,138.2,138.68,9746750
GAZP,60,240930,200000,138.69,139.93,138.59,139.63,5229870
GAZP,60,240930,210000,139.6,139.73,138.84,139.11,1958890
GAZP,60,240930,220000,139.1,139.14,138.06,138.29,4487270
GAZP,60,240930,230000,138.29,138.38,137.92,138.19,3276420
GAZP,60,241001,100000,137.9,139.2,137.3,137.36,14117680
GAZP,60,241001,110000,137.36,137.83,136.07,136.54,10975250
GAZP,60,241001,120000,136.53,137.66,135.64,137.34,10095930
GAZP,60,241001,130000,137.36,138.4,136.61,137.75,8685800
GAZP,60,241001,140000,137.76,138.05,135.6,137.03,11909020
GAZP,60,241001,150000,137.02,137.03,136.12,136.32,3393490
GAZP,60,241001,160000,136.29,136.45,134.75,136.2,12671310
GAZP,60,241001,170000,136.17,136.76,135.24,135.89,5615220
GAZP,60,241001,180000,135.9,135.96,134.81,134.9,5175070
GAZP,60,241001,190000,134.9,135.28,134.44,134.94,4483280
GAZP,60,241001,200000,134.95,136.21,134.94,135.27,5209070
GAZP,60,241001,210000,135.26,135.83,134.65,135.77,3708940
GAZP,60,241001,220000,135.77,136.1,135.59,135.83,1353230
GAZP,60,241001,230000,135.86,136.26,135.65,136.21,1071910
GAZP,60,241002,100000,136.21,137.16,135.6,136.87,8315940
GAZP,60,241002,110000,136.89,137.12,136.17,136.54,4378070
GAZP,60,241002,120000,136.54,136.64,135.21,135.62,4207230
GAZP,60,241002,130000,135.62,136.08,135.4,135.6,2724840
GAZP,60,241002,140000,135.61,135.8,135,135.04,3245050
GAZP,60,241002,150000,135.04,135.41,133.85,134.03,6775520
GAZP,60,241002,160000,134.02,134.22,133.33,134.07,7138290
GAZP,60,241002,170000,134.08,134.34,132.1,132.34,13683620
GAZP,60,241002,180000,132.33,132.55,131.7,132.27,7111220
GAZP,60,241002,190000,132.45,132.65,131.74,132.14,3574980
GAZP,60,241002,200000,132.14,132.42,131.88,132.06,1318750
GAZP,60,241002,210000,132.06,132.88,131.87,132.63,1890020
GAZP,60,241002,220000,132.63,132.73,132.25,132.44,1040540
GAZP,60,241002,230000,132.45,132.46,132,132.12,1356000
GAZP,60,241003,100000,131.59,132.45,130.75,131.22,12667260
GAZP,60,241003,110000,131.22,131.67,130.85,131.05,4246750
GAZP,60,241003,120000,131.05,131.43,130.61,130.92,3986460
GAZP,60,241003,130000,130.95,131.2,130.32,130.71,3707840
GAZP,60,241003,140000,130.72,131.1,130.52,130.93,2720100
GAZP,60,241003,150000,130.96,133.3,130.96,132.48,9850760
GAZP,60,241003,160000,132.46,134.16,131.73,133.57,7304300
GAZP,60,241003,170000,133.58,134.1,133.01,133.01,4866910
GAZP,60,241003,180000,133.01,133.32,132.19,133.11,3196270
GAZP,60,241003,190000,133.05,134.1,133.05,133.71,1854650
GAZP,60,241003,200000,133.7,133.97,133.59,133.62,910820
GAZP,60,241003,210000,133.64,134.13,133.58,134.07,970770
GAZP,60,241003,220000,134.07,134.07,133.65,133.66,449990
GAZP,60,241003,230000,133.67,133.96,133.67,133.87,569590
GAZP,60,241004,100000,134.06,134.38,132.85,134.05,6784810
GAZP,60,241004,110000,134.05,134.49,133.13,133.92,3530090
GAZP,60,241004,120000,133.92,133.97,132.69,133.06,2912400
GAZP,60,241004,130000,133.06,133.55,132.61,133.25,1953190
GAZP,60,241004,140000,133.22,133.53,132.8,132.9,1438640
GAZP,60,241004,150000,132.87,132.91,132.25,132.4,2623550
GAZP,60,241004,160000,132.41,132.91,132.03,132.62,2241650
GAZP,60,241004,170000,132.63,133.15,132.61,132.95,2295880
GAZP,60,241004,180000,132.95,133.46,132.85,133.15,1467240
GAZP,60,241004,190000,133,133.49,132.96,133.36,988010
GAZP,60,241004,200000,133.39,133.43,133.21,133.38,489350
GAZP,60,241004,210000,133.38,133.4,132.85,133,558420
GAZP,60,241004,220000,133,133.24,132.89,133.14,649020
GAZP,60,241004,230000,133.12,133.42,132.93,133.32,847470
GAZP,60,241007,100000,133.32,133.66,132.45,132.48,4398260
GAZP,60,241007,110000,132.47,132.92,131.67,132.05,4152870
GAZP,60,241007,120000,132.05,132.43,131.6,131.91,4904790
GAZP,60,241007,130000,131.91,132.44,131.71,132.1,1133790
GAZP,60,241007,140000,132.07,132.68,132,132.28,1052450
GAZP,60,241007,150000,132.28,132.73,131.91,131.95,1120490
GAZP,60,241007,160000,131.95,132.7,131.72,132.47,2492740
GAZP,60,241007,170000,132.47,132.64,132.03,132.12,990920
GAZP,60,241007,180000,132.11,132.65,131.94,132.65,1049200
GAZP,60,241007,190000,132.57,132.88,132.49,132.57,1055660
GAZP,60,241007,200000,132.54,132.79,132.49,132.68,460010
GAZP,60,241007,210000,132.7,133.15,132.64,133.14,1512800
GAZP,60,241007,220000,133.15,133.17,132.95,133.12,346030
GAZP,60,241007,230000,133.12,133.5,133.12,133.5,752420
GAZP,60,241008,100000,133.18,134.28,132.9,133.78,7696840
GAZP,60,241008,110000,133.77,133.89,133.24,133.71,3612620
GAZP,60,241008,120000,133.71,134.88,133.51,134.51,6006660
GAZP,60,241008,130000,134.54,134.67,134.23,134.5,1741790
GAZP,60,241008,140000,134.51,134.58,133.63,133.8,2446230
GAZP,60,241008,150000,133.8,134.12,133.55,133.61,1707060
GAZP,60,241008,160000,133.6,134.06,133.4,133.92,1847920
GAZP,60,241008,170000,133.92,133.99,133.42,133.72,2352980
GAZP,60,241008,180000,133.71,133.82,133.44,133.44,1118200
GAZP,60,241008,190000,133.8,133.8,133.36,133.49,815510
GAZP,60,241008,200000,133.49,133.75,133.41,133.65,569070
GAZP,60,241008,210000,133.64,134.02,133.48,133.84,1063020
GAZP,60,241008,220000,133.8,133.9,133.72,133.75,366180
GAZP,60,241008,230000,133.78,133.9,133.65,133.83,693070
GAZP,60,241009,100000,133.75,133.92,133,133.16,2770460
GAZP,60,241009,110000,133.16,133.41,133.02,133.12,887500
GAZP,60,241009,120000,133.12,133.13,132.41,132.59,2553350
GAZP,60,241009,130000,132.57,132.68,132.13,132.35,1541870
GAZP,60,241009,140000,132.33,132.64,132.03,132.43,1967510
GAZP,60,241009,150000,132.43,132.49,132,132.27,1616520
GAZP,60,241009,160000,132.29,132.4,131.5,131.55,2411930
GAZP,60,241009,170000,131.55,132.16,131.54,132,1998510
GAZP,60,241009,180000,132,132,131.78,131.8,913190
GAZP,60,241009,190000,131.81,132.4,131.81,132.34,689750
GAZP,60,241009,200000,132.29,132.37,132.07,132.22,241370
GAZP,60,241009,210000,132.22,132.48,132.22,132.38,562490
GAZP,60,241009,220000,132.38,132.55,132.24,132.48,584890
GAZP,60,241009,230000,132.48,132.61,132.3,132.51,715590
GAZP,60,241010,100000,132.46,132.79,132.15,132.58,2347300
GAZP,60,241010,110000,132.57,133.49,132.57,133.17,2771100
GAZP,60,241010,120000,133.15,133.24,132.61,133.21,2145730
GAZP,60,241010,130000,133.2,133.22,132.26,132.32,1340670
GAZP,60,241010,140000,132.31,132.75,132.16,132.16,1842330
GAZP,60,241010,150000,132.16,132.74,132.16,132.54,1157450
GAZP,60,241010,160000,132.54,133.09,132.31,132.95,1332740
GAZP,60,241010,170000,132.94,133.35,132.58,132.96,1891300
GAZP,60,241010,180000,132.96,133.04,132.6,132.6,744570
GAZP,60,241010,190000,132.61,132.97,132.61,132.82,474070
GAZP,60,241010,200000,132.82,133.19,132.82,133.07,501850
GAZP,60,241010,210000,133.08,133.09,132.9,132.92,267410
GAZP,60,241010,220000,132.92,132.92,132.72,132.81,205400
GAZP,60,241010,230000,132.81,132.9,132.52,132.69,507670
GAZP,60,241011,100000,132.79,132.91,131.9,132.23,2321370
GAZP,60,241011,110000,132.24,132.64,131.93,132.48,1759840
GAZP,60,241011,120000,132.48,132.55,131.62,131.89,3530270
GAZP,60,241011,130000,131.88,132.04,131.52,131.89,2221590
GAZP,60,241011,140000,131.89,132.01,131.65,131.99,911950
GAZP,60,241011,150000,132,132.61,131.89,132.09,1447830
GAZP,60,241011,160000,132.12,132.2,131.59,131.65,1994820
GAZP,60,241011,170000,131.63,132.24,131.59,131.94,1353980
GAZP,60,241011,180000,131.93,132.28,131.59,132.28,1904720
GAZP,60,241011,190000,132.3,132.87,131.95,132.75,1015480
GAZP,60,241011,200000,132.74,132.75,132.4,132.45,311760
GAZP,60,241011,210000,132.44,132.44,131.84,131.9,1057300
GAZP,60,241011,220000,131.89,132.11,131.82,132,736600
GAZP,60,241011,230000,131.99,132.3,131.61,131.82,1015690
GAZP,60,241014,100000,131.5,131.57,130.67,131.07,5186860
GAZP,60,241014,110000,131.07,131.15,130.51,130.64,2410080
GAZP,60,241014,120000,130.63,131.76,130.61,131.13,2771840
GAZP,60,241014,130000,131.14,132.94,131.06,132.26,5372070
GAZP,60,241014,140000,132.25,132.7,131.86,132.57,2686070
GAZP,60,241014,150000,132.53,132.62,131.92,132.19,1708760
GAZP,60,241014,160000,132.19,133.25,132.19,132.95,5022240
GAZP,60,241014,170000,132.98,133.35,131.83,132.03,4779650
GAZP,60,241014,180000,132.05,132.4,131.92,132.1,1741840
GAZP,60,241014,190000,132.05,132.14,131.74,131.92,1317920
GAZP,60,241014,200000,131.93,132.23,131.75,132.2,704910
GAZP,60,241014,210000,132.2,132.23,131.9,132.05,547180
GAZP,60,241014,220000,132.06,132.2,132.03,132.14,173800
GAZP,60,241014,230000,132.15,132.19,131.92,131.92,295840
GAZP,60,241015,100000,131.85,132.42,131.43,132.24,3356130
GAZP,60,241015,110000,132.24,132.84,131.96,132.45,3202930
GAZP,60,241015,120000,132.48,132.91,132.37,132.71,1788730
GAZP,60,241015,130000,132.71,132.72,132.21,132.4,789980
GAZP,60,241015,140000,132.39,133.45,132.31,133.39,3429970
GAZP,60,241015,150000,133.42,133.68,132.9,133.2,3519620
GAZP,60,241015,160000,133.2,133.36,132.71,133.01,1626320
GAZP,60,241015,170000,133.01,133.54,132.9,133.48,1763390
GAZP,60,241015,180000,133.48,134.4,133.44,134.4,5274620
GAZP,60,241015,190000,134.28,134.37,134.08,134.12,624990
GAZP,60,241015,200000,134.15,134.25,134.01,134.12,474350
GAZP,60,241015,210000,134.12,134.23,133.71,133.94,1617510
GAZP,60,241015,220000,133.93,133.99,133.82,133.87,312450
GAZP,60,241015,230000,133.89,133.98,133.64,133.97,503580
GAZP,60,241016,100000,134.02,135,133.96,134.71,3959610
GAZP,60,241016,110000,134.73,138.8,134.6,138.43,26066230
GAZP,60,241016,120000,138.43,138.68,136.61,137.04,11257290
GAZP,60,241016,130000,137.03,138,136.63,137.18,6023130
GAZP,60,241016,140000,137.18,137.43,136.73,137.09,3011770
GAZP,60,241016,150000,137.1,138,136.37,136.39,8641740
GAZP,60,241016,160000,136.39,136.96,136.27,136.8,4736550
GAZP,60,241016,170000,136.78,137.53,136.34,136.48,4657140
GAZP,60,241016,180000,136.5,136.73,135.9,136.34,3869600
GAZP,60,241016,190000,136.37,136.66,136.15,136.4,1187940
GAZP,60,241016,200000,136.39,136.95,136.26,136.46,1507670
GAZP,60,241016,210000,136.47,137.19,136.46,137.01,1050180
GAZP,60,241016,220000,137.01,137.33,136.85,137.23,1346960
GAZP,60,241016,230000,137.26,137.34,137.01,137.24,821260
GAZP,60,241017,100000,137.46,137.73,136.31,137.01,5474210
GAZP,60,241017,110000,137.01,137.25,136.33,136.57,2552990
GAZP,60,241017,120000,136.57,136.62,134.8,135.5,8328040
GAZP,60,241017,130000,135.51,136.12,135.05,135.78,2991850
GAZP,60,241017,140000,135.78,136.57,135.43,136.41,2714310
GAZP,60,241017,150000,136.41,137.64,136.4,136.8,5432820
GAZP,60,241017,160000,136.79,137.44,136.64,137.16,2840080
GAZP,60,241017,170000,137.13,138.29,137.09,137.79,6905850
GAZP,60,241017,180000,137.79,137.94,136.21,136.61,7155480
GAZP,60,241017,190000,136.8,136.83,136.19,136.53,1888650
GAZP,60,241017,200000,136.52,136.6,136.06,136.13,733710
GAZP,60,241017,210000,136.13,136.19,135.54,136.12,1241140
GAZP,60,241017,220000,136.07,136.2,135.88,136.15,587770
GAZP,60,241017,230000,136.14,136.2,136,136.05,460300
GAZP,60,241018,100000,136.26,136.87,135.75,136.55,5290860
GAZP,60,241018,110000,136.54,137.3,136.51,136.63,3191650
GAZP,60,241018,120000,136.64,136.92,136.2,136.43,1648700
GAZP,60,241018,130000,136.43,136.54,135.45,135.6,3585210
GAZP,60,241018,140000,135.6,136,135.33,135.71,2291470
GAZP,60,241018,150000,135.71,135.93,135.46,135.54,1268680
GAZP,60,241018,160000,135.54,135.74,134.8,135.18,3634940
GAZP,60,241018,170000,135.18,135.84,134.9,135.43,2167510
GAZP,60,241018,180000,135.43,135.76,135.08,135.08,1147800
GAZP,60,241018,190000,135.36,135.71,135.23,135.6,421910
GAZP,60,241018,200000,135.62,135.81,135.49,135.62,374900
GAZP,60,241018,210000,135.62,135.69,135.24,135.51,542420
GAZP,60,241018,220000,135.5,135.63,135.43,135.58,180210
GAZP,60,241018,230000,135.57,135.77,135.56,135.67,697160
GAZP,60,241021,100000,135.69,136.37,135.55,135.81,2926960
GAZP,60,241021,110000,135.81,136.6,135.8,136.05,3009830
GAZP,60,241021,120000,136.04,136.1,135.31,135.92,2410080
GAZP,60,241021,130000,135.92,136.24,135.6,135.73,1321530
GAZP,60,241021,140000,135.69,135.77,135.37,135.48,1295610
GAZP,60,241021,150000,135.47,135.7,135.38,135.69,1003500
GAZP,60,241021,160000,135.69,136.11,135.68,135.99,1081900
GAZP,60,241021,170000,136,136.49,135.86,136.17,2412050
GAZP,60,241021,180000,136.18,136.18,135.11,135.46,2227150
GAZP,60,241021,190000,135.4,135.96,135.32,135.61,522540
GAZP,60,241021,200000,135.62,135.84,135.6,135.7,292790
GAZP,60,241021,210000,135.68,135.8,135.44,135.7,247540
GAZP,60,241021,220000,135.75,135.88,135.71,135.78,163550
GAZP,60,241021,230000,135.8,136.16,135.77,135.97,329060
GAZP,60,241022,100000,136.12,136.39,135.71,135.83,2176510
GAZP,60,241022,110000,135.84,135.96,135.51,135.9,1257440
GAZP,60,241022,120000,135.88,140.08,135.78,138.73,21633330
GAZP,60,241022,130000,138.74,139.33,138.42,138.86,4531670
GAZP,60,241022,140000,138.87,139.27,137.83,138.39,5965090
GAZP,60,241022,150000,138.38,138.7,137.35,137.58,3986790
GAZP,60,241022,160000,137.58,137.91,137.11,137.36,3337730
GAZP,60,241022,170000,137.37,137.45,136.55,136.76,5058600
GAZP,60,241022,180000,136.77,136.88,136.45,136.65,1765760
GAZP,60,241022,190000,136.64,137.04,136.11,136.15,2175020
GAZP,60,241022,200000,136.14,136.5,135.88,136.46,1833980
GAZP,60,241022,210000,136.44,136.62,136.2,136.45,506490
GAZP,60,241022,220000,136.45,136.72,136.4,136.59,428450
GAZP,60,241022,230000,136.59,136.59,136.02,136.24,651590
GAZP,60,241023,100000,136,136.39,134.57,135.12,5912120
GAZP,60,241023,110000,135.12,137.15,134.81,136.94,4830810
GAZP,60,241023,120000,136.94,137.5,136.29,136.55,6664070
GAZP,60,241023,130000,136.53,137.2,136.34,136.72,1619290
GAZP,60,241023,140000,136.72,136.85,136.1,136.17,1300530
GAZP,60,241023,150000,136.17,136.76,135.84,136.72,1357410
GAZP,60,241023,160000,136.73,137.43,136.26,136.42,2306530
GAZP,60,241023,170000,136.42,136.47,135.88,136.31,934120
GAZP,60,241023,180000,136.3,136.37,135.87,136.27,1531790
GAZP,60,241023,190000,136.05,136.1,135.3,135.35,2060870
GAZP,60,241023,200000,135.35,135.63,134.75,134.87,2706590
GAZP,60,241023,210000,134.85,134.91,134.16,134.49,2951710
GAZP,60,241023,220000,134.46,134.5,134.13,134.49,927020
GAZP,60,241023,230000,134.49,134.96,134.23,134.76,762070
GAZP,60,241024,100000,134.83,135.2,133.05,133.61,6868010
GAZP,60,241024,110000,133.6,134.09,133.54,133.96,1738960
GAZP,60,241024,120000,133.97,133.97,132.7,132.86,3956580
GAZP,60,241024,130000,132.85,133.42,132.15,133.23,4029490
GAZP,60,241024,140000,133.23,133.67,133.01,133.49,1566460
GAZP,60,241024,150000,133.49,133.49,132.75,132.81,1269970
GAZP,60,241024,160000,132.79,133.57,132.78,133.57,1049080
GAZP,60,241024,170000,133.57,134.47,133.57,134.43,3797350
GAZP,60,241024,180000,134.43,134.5,133.73,134.2,1715680
GAZP,60,241024,190000,134.2,134.71,134.02,134.11,1113870
GAZP,60,241024,200000,134.11,134.27,133.87,134.24,370170
GAZP,60,241024,210000,134.24,134.33,134.2,134.24,483740
GAZP,60,241024,220000,134.23,134.5,134,134.29,514350
GAZP,60,241024,230000,134.25,134.39,134.11,134.12,332900
GAZP,60,241025,100000,134.16,134.65,133.43,133.8,2896360
GAZP,60,241025,110000,133.79,134.4,133.71,134.1,1596600
GAZP,60,241025,120000,134.11,135.3,134.02,134.74,2548500
GAZP,60,241025,130000,134.77,136.5,132.43,135.6,12815250
GAZP,60,241025,140000,135.59,135.98,134.48,134.82,8382920
GAZP,60,241025,150000,134.86,135.71,134.19,134.33,6572600
GAZP,60,241025,160000,134.31,134.76,132.3,132.67,7916520
GAZP,60,241025,170000,132.66,133.3,132,132.27,6311150
GAZP,60,241025,180000,132.28,132.98,132.2,132.5,1819830
GAZP,60,241025,190000,132.52,132.86,132.15,132.4,1288380
GAZP,60,241025,200000,132.34,133.09,132.28,132.82,1153720
GAZP,60,241025,210000,132.82,133.2,132.69,133.08,545260
GAZP,60,241025,220000,133.08,133.15,132.98,133.05,325910
GAZP,60,241025,230000,133.06,133.1,132.75,133,978100
GAZP,60,241028,100000,131.97,132.26,130.76,131.62,9584350
GAZP,60,241028,110000,131.62,131.9,131.2,131.4,2961120
GAZP,60,241028,120000,131.4,132.24,130.74,130.78,4452800
GAZP,60,241028,130000,130.8,130.87,130.26,130.64,3558180
GAZP,60,241028,140000,130.64,130.79,127.25,127.67,10774620
GAZP,60,241028,150000,127.66,127.95,126.9,127.36,10850040
GAZP,60,241028,160000,127.34,127.84,125.62,125.94,10237070
GAZP,60,241028,170000,125.95,126.39,125.25,126.33,7416570
GAZP,60,241028,180000,126.34,126.6,124.71,124.81,6273270
GAZP,60,241028,190000,124.91,125.16,123.5,124.36,5991400
GAZP,60,241028,200000,124.35,125.35,123.8,125.17,4472510
GAZP,60,241028,210000,125.19,125.46,124.55,124.75,2208130
GAZP,60,241028,220000,124.8,125,124.55,124.92,621480
GAZP,60,241028,230000,124.92,125.1,124.6,124.87,980960
GAZP,60,241029,100000,125.12,126.2,124.36,125.78,8319140
GAZP,60,241029,110000,125.72,125.84,122.75,123,8542200
GAZP,60,241029,120000,123,123.82,121.85,123.68,8993920
GAZP,60,241029,130000,123.66,123.97,122.59,123.51,2850660
GAZP,60,241029,140000,123.52,124.8,123.3,124.35,4027860
GAZP,60,241029,150000,124.35,125.8,124.2,125.26,5240420
GAZP,60,241029,160000,125.24,126.75,125.23,125.89,6289710
GAZP,60,241029,170000,125.89,126.69,124.35,125.45,11478500
GAZP,60,241029,180000,125.45,126.96,125.32,126,6043660
GAZP,60,241029,190000,126.12,126.69,125.84,126.38,1732110
GAZP,60,241029,200000,126.38,126.38,125.85,126.12,1739160
GAZP,60,241029,210000,126.12,126.16,125.61,125.96,964730
GAZP,60,241029,220000,125.96,126.18,125.85,125.9,460440
GAZP,60,241029,230000,125.91,126.16,125.8,125.97,577620
GAZP,60,241030,100000,126.11,126.59,125.08,126.17,4578150
GAZP,60,241030,110000,126.17,127.2,125.62,125.87,5116060
GAZP,60,241030,120000,125.87,127.13,125.57,126.35,2837670
GAZP,60,241030,130000,126.35,126.43,125.58,125.8,1656580
GAZP,60,241030,140000,125.79,125.9,124.07,124.11,4444600
GAZP,60,241030,150000,124.1,125.16,123.82,125.05,3236060
GAZP,60,241030,160000,125.06,125.16,124.32,124.81,1546110
GAZP,60,241030,170000,124.81,126.19,124.66,126.1,2712010
GAZP,60,241030,180000,126.1,126.34,125.38,125.99,2421860
GAZP,60,241030,190000,125.5,125.5,124.45,124.95,2203410
GAZP,60,241030,200000,124.95,125,124.09,124.3,1500810
GAZP,60,241030,210000,124.31,124.31,123.9,124.19,1219180
GAZP,60,241030,220000,124.19,124.2,123.52,123.81,1244420
GAZP,60,241030,230000,123.81,124,123.52,123.8,516730
GAZP,60,241031,100000,123.4,124.26,122.82,124.03,5784640
GAZP,60,241031,110000,124.02,124.75,123.61,123.76,2767840
GAZP,60,241031,120000,123.77,124,122.25,123.03,5859670
GAZP,60,241031,130000,123.06,124,122.7,123.86,3837600
GAZP,60,241031,140000,123.86,124.94,123.37,124.72,3107910
GAZP,60,241031,150000,124.73,124.78,123.61,124.01,2002900
GAZP,60,241031,160000,124.01,124.16,122.9,123.19,2357520
GAZP,60,241031,170000,123.18,123.47,122.4,122.58,2951850
GAZP,60,241031,180000,122.58,123.71,122.55,123.35,2397450
GAZP,60,241031,190000,123.34,123.35,122.49,122.76,1371300
GAZP,60,241031,200000,122.77,123.05,122.4,122.42,543850
GAZP,60,241031,210000,122.4,122.8,122.4,122.79,418360
GAZP,60,241031,220000,122.79,123.37,122.79,123.06,768200
GAZP,60,241031,230000,123.06,123.45,122.87,123.44,489800
GAZP,60,241101,100000,123.8,124.5,123.31,123.7,4366070
GAZP,60,241101,110000,123.68,124.02,122.77,123.35,3991770
GAZP,60,241101,120000,123.33,123.38,122.71,123.02,1578440
GAZP,60,241101,130000,123,123.72,123,123.27,1134000
GAZP,60,241101,140000,123.28,124.16,123.28,123.64,1641700
GAZP,60,241101,150000,123.63,123.77,123.16,123.39,823040
GAZP,60,241101,160000,123.39,124.26,123.3,123.86,1655570
GAZP,60,241101,170000,123.85,124.91,123.67,124.35,3120940
GAZP,60,241101,180000,124.35,124.55,124.04,124.45,982940
GAZP,60,241101,190000,124.41,125.67,124.41,125.16,2960980
GAZP,60,241101,200000,125.16,125.44,124.8,124.87,637950
GAZP,60,241101,210000,124.87,125.2,124.81,125.15,367100
GAZP,60,241101,220000,125.14,125.57,125.07,125.48,659110
GAZP,60,241101,230000,125.47,125.6,125.41,125.6,709010
GAZP,60,241102,100000,125.73,126,125.01,125.76,3510300
GAZP,60,241102,110000,125.75,125.8,125.12,125.58,1773570
GAZP,60,241102,120000,125.58,125.86,125.43,125.76,789580
GAZP,60,241102,130000,125.76,126.17,125.69,126.06,939500
GAZP,60,241102,140000,126.08,126.92,126.05,126.75,3584970
GAZP,60,241102,150000,126.75,127.7,126.7,127.18,5881230
GAZP,60,241102,160000,127.18,128.38,126.91,128.32,3927090
GAZP,60,241102,170000,128.32,128.98,127.85,128.55,4449190
GAZP,60,241102,180000,128.56,128.62,127.55,128.04,2546350
GAZP,60,241102,190000,128.27,128.27,127.81,127.98,619970
GAZP,60,241102,200000,127.97,128.44,127.97,128.15,660260
GAZP,60,241102,210000,128.14,129.29,128.14,129.2,2248810
GAZP,60,241102,220000,129.2,129.3,128.7,128.83,866990
GAZP,60,241102,230000,128.84,129.18,128.7,128.7,712260
GAZP,60,241105,100000,129,129.37,127.95,128.36,6334110
GAZP,60,241105,110000,128.37,128.46,127.37,128.07,3192420
GAZP,60,241105,120000,128.07,128.81,128.03,128.57,1333430
GAZP,60,241105,130000,128.57,128.8,128.2,128.29,1940270
GAZP,60,241105,140000,128.26,128.46,127.81,128.23,1085660
GAZP,60,241105,150000,128.23,128.56,127.9,128.03,1070450
GAZP,60,241105,160000,128.02,128.3,127.5,127.81,1408100
GAZP,60,241105,170000,127.81,128.28,127.53,128.13,1515060
GAZP,60,241105,180000,128.07,129,128,128.72,1589790
GAZP,60,241105,190000,128.72,129.18,128.53,129.07,1623350
GAZP,60,241105,200000,129.06,129.11,128.65,128.66,669370
GAZP,60,241105,210000,128.66,128.91,128.62,128.71,243640
GAZP,60,241105,220000,128.71,128.88,128.69,128.88,327310
GAZP,60,241105,230000,128.88,128.9,128.63,128.77,656530
GAZP,60,241106,100000,133.12,136.59,133.12,134.88,38307250
GAZP,60,241106,110000,134.88,135.97,134.76,134.86,16629050
GAZP,60,241106,120000,134.89,135.06,134.33,134.43,6557350
GAZP,60,241106,130000,134.43,134.66,133.08,133.54,7340990
GAZP,60,241106,140000,133.54,133.54,131.83,132.3,14111110
GAZP,60,241106,150000,132.31,132.46,131.36,132.14,6669030
GAZP,60,241106,160000,132.16,132.17,130.56,130.98,7350890
GAZP,60,241106,170000,130.96,131.6,130.4,131.17,5219150
GAZP,60,241106,180000,131.18,132.05,131.16,131.6,2825540
GAZP,60,241106,190000,131.64,131.65,131.11,131.2,1000280
GAZP,60,241106,200000,131.19,131.82,131.16,131.8,670900
GAZP,60,241106,210000,131.82,131.89,131.21,131.43,774540
GAZP,60,241106,220000,131.41,131.7,131.37,131.53,433480
GAZP,60,241106,230000,131.52,131.95,131.37,131.92,682680
GAZP,60,241107,120000,131.85,131.85,130.1,130.91,7381370
GAZP,60,241107,130000,130.91,130.93,129.65,129.97,7504160
GAZP,60,241107,140000,129.97,131,129.9,130.62,4915930
GAZP,60,241107,150000,130.64,131.37,130.54,131.21,3739620
GAZP,60,241107,160000,131.21,131.34,130.66,131.07,1941590
GAZP,60,241107,170000,131.08,133.75,131.03,133.72,9517090
GAZP,60,241107,180000,133.73,133.92,132.89,133.45,3323980
GAZP,60,241107,190000,133.36,135.31,133.36,134.13,6227690
GAZP,60,241107,200000,134.15,134.32,133.82,133.84,1294480
GAZP,60,241107,210000,133.84,134.48,133.83,134.42,1019230
GAZP,60,241107,220000,134.43,135.25,134.26,135.18,3043810
GAZP,60,241107,230000,135.18,135.54,134.84,135.52,2699850
GAZP,60,241108,100000,135.81,137,134.06,135.55,26655970
GAZP,60,241108,110000,135.54,136.41,134.17,135.15,9837960
GAZP,60,241108,120000,135.16,135.36,134.52,134.91,2578900
GAZP,60,241108,130000,134.94,135.22,133.64,134.34,4099920
GAZP,60,241108,140000,134.34,134.9,134.05,134.15,1846770
GAZP,60,241108,150000,134.17,134.99,134.17,134.75,1540240
GAZP,60,241108,160000,134.76,134.96,134.41,134.44,971520
GAZP,60,241108,170000,134.42,134.67,133.89,134.6,1897800
GAZP,60,241108,180000,134.62,135.7,134.57,135,4013500
GAZP,60,241108,190000,135,135.87,134.97,135.43,3281390
GAZP,60,241108,200000,135.45,136.05,135.35,135.69,2516460
GAZP,60,241108,210000,135.69,135.92,135.38,135.56,1062510
GAZP,60,241108,220000,135.55,136.34,135.32,136.31,2114130
GAZP,60,241108,230000,136.31,136.49,135.86,135.9,2072910
GAZP,60,241111,100000,137.19,137.4,135.8,135.87,9948670
GAZP,60,241111,110000,135.87,137.1,135.62,136.77,4837580
GAZP,60,241111,120000,136.77,136.8,135.78,136.18,4074700
GAZP,60,241111,130000,136.19,136.64,136.16,136.47,2229980
GAZP,60,241111,140000,136.45,136.46,135.31,135.31,3465970
GAZP,60,241111,150000,135.31,136,135.24,135.62,2473060
GAZP,60,241111,160000,135.61,136.79,135.52,136.57,3615090
GAZP,60,241111,170000,136.56,137.27,136.36,136.85,3224540
GAZP,60,241111,180000,136.85,138.32,136.76,138.09,6629290
GAZP,60,241111,190000,138.09,138.33,137.59,137.9,2210800
GAZP,60,241111,200000,137.87,137.99,137.56,137.9,1093870
GAZP,60,241111,210000,137.9,137.97,137.7,137.76,394240
GAZP,60,241111,220000,137.76,137.95,137.69,137.84,560280
GAZP,60,241111,230000,137.87,138.2,137.86,138.12,792590
GAZP,60,241112,100000,137.82,137.82,136.37,136.66,6650520
GAZP,60,241112,110000,136.65,137.43,136.15,136.66,3711320
GAZP,60,241112,120000,136.65,137.14,136.3,136.75,2699740
GAZP,60,241112,130000,136.75,136.96,136.3,136.47,1842310
GAZP,60,241112,140000,136.46,136.47,135.67,135.8,4382640
GAZP,60,241112,150000,135.81,136.02,135.11,135.27,3096160
GAZP,60,241112,160000,135.26,135.58,134.74,134.74,3896180
GAZP,60,241112,170000,134.74,136,134.64,135.95,2227530
GAZP,60,241112,180000,135.96,136.17,135.37,135.4,1711660
GAZP,60,241112,190000,135.23,135.43,134.91,135.15,1080560
GAZP,60,241112,200000,135.14,135.3,134.98,135.07,349580
GAZP,60,241112,210000,135.07,135.2,134.95,135.07,409150
GAZP,60,241112,220000,135.08,135.09,134.9,134.98,534870
GAZP,60,241112,230000,134.97,135.44,134.97,135.16,433650
GAZP,60,241113,100000,134.98,135.46,134.3,134.69,3624790
GAZP,60,241113,110000,134.7,135.06,134.51,134.7,1457730
