<TICKER>,<PER>,<DATE>,<TIME>,<OPEN>,<HIGH>,<LOW>,<CLOSE>,<VOL>
GAZP,60,240402,100000,158.17,158.42,157.51,157.7,2242290
GAZP,60,240402,110000,157.7,157.81,157.57,157.72,1207930
GAZP,60,240402,120000,157.72,157.75,157.58,157.61,971430
GAZP,60,240402,130000,157.61,157.75,157.57,157.66,779940
GAZP,60,240402,140000,157.65,157.89,157.62,157.86,559980
GAZP,60,240402,150000,157.86,158.05,157.85,157.99,683150
GAZP,60,240402,160000,157.99,158.12,157.9,158.11,1080590
GAZP,60,240402,170000,158.12,158.92,158,158.9,3123770
GAZP,60,240402,180000,158.91,162.48,158.89,162.02,18004090
GAZP,60,240402,190000,162.45,164.98,162.05,164.68,28552820
GAZP,60,240402,200000,164.66,164.74,163.11,163.43,8001910
GAZP,60,240402,210000,163.44,163.96,163.11,163.22,2692660
GAZP,60,240402,220000,163.26,163.73,163.22,163.61,1759390
GAZP,60,240402,230000,163.61,164.37,163.52,164.18,2584230
GAZP,60,240403,100000,164.1,165.36,163.11,164.33,14084250
GAZP,60,240403,110000,164.33,164.42,162.33,162.87,6871600
GAZP,60,240403,120000,162.88,163.79,162.5,163.56,4126330
GAZP,60,240403,130000,163.56,163.6,162.7,162.85,2383030
GAZP,60,240403,140000,162.83,163.28,162.61,162.61,2145910
GAZP,60,240403,150000,162.61,162.89,162.12,162.66,2649510
GAZP,60,240403,160000,162.66,163.22,162.48,162.91,2446110
GAZP,60,240403,170000,162.87,163.55,162.76,163.37,2758630
GAZP,60,240403,180000,163.36,163.5,162.73,163.5,1732440
GAZP,60,240403,190000,163.41,163.9,163,163.13,924440
GAZP,60,240403,200000,163.13,163.17,162.89,163.06,619040
GAZP,60,240403,210000,163.06,163.3,162.99,163.22,433670
GAZP,60,240403,220000,163.2,163.27,162.46,162.85,818570
GAZP,60,240403,230000,162.85,162.85,162.43,162.63,991350
GAZP,60,240404,100000,162.77,163.19,161.6,162.07,5819260
GAZP,60,240404,110000,162.06,162.47,162.02,162.22,1526410
GAZP,60,240404,120000,162.21,162.36,162.02,162.19,1116100
GAZP,60,240404,130000,162.19,162.2,161.85,161.86,1769170
GAZP,60,240404,140000,161.86,162.02,161.76,161.85,1231100
GAZP,60,240404,150000,161.85,162.15,161.52,161.95,1758860
GAZP,60,240404,160000,161.94,162.5,161.8,162.24,3456180
GAZP,60,240404,170000,162.27,164.3,162.21,163.58,7302920
GAZP,60,240404,180000,163.59,164.22,163.4,163.51,2643410
GAZP,60,240404,190000,163.52,163.81,163.14,163.41,1273190
GAZP,60,240404,200000,163.41,163.5,163.22,163.37,337980
GAZP,60,240404,210000,163.37,163.38,163.17,163.22,512120
GAZP,60,240404,220000,163.23,163.27,162.88,162.94,744110
GAZP,60,240404,230000,162.93,163,162.52,162.69,747400
GAZP,60,240405,100000,162.78,162.98,162.1,162.65,2461260
GAZP,60,240405,110000,162.66,164.3,162.41,163.91,5519190
GAZP,60,240405,120000,163.9,164.63,163.45,163.63,3311430
GAZP,60,240405,130000,163.64,163.81,163.01,163.34,2278530
GAZP,60,240405,140000,163.35,164.1,163.3,164.02,1414260
GAZP,60,240405,150000,164.01,164.32,163.77,164.17,2047150
GAZP,60,240405,160000,164.17,164.19,163.82,163.87,1187930
GAZP,60,240405,170000,163.89,163.97,163.6,163.76,1015720
GAZP,60,240405,180000,163.79,163.9,163.56,163.57,1005790
GAZP,60,240405,190000,163.57,164.12,163.41,163.43,639550
GAZP,60,240405,200000,163.43,163.95,163.42,163.69,559020
GAZP,60,240405,210000,163.69,163.79,163.54,163.63,236840
GAZP,60,240405,220000,163.64,163.74,163.51,163.56,410270
GAZP,60,240405,230000,163.56,163.65,163.31,163.59,727080
GAZP,60,240408,100000,164.03,164.9,163.78,164.27,5573050
GAZP,60,240408,110000,164.27,164.83,164.07,164.72,2443120
GAZP,60,240408,120000,164.73,164.8,164.31,164.49,963550
GAZP,60,240408,130000,164.49,164.54,164.03,164.14,1153850
GAZP,60,240408,140000,164.14,164.22,163.57,163.64,1351700
GAZP,60,240408,150000,163.63,163.99,163.57,163.74,786230
GAZP,60,240408,160000,163.73,163.89,163.67,163.74,848250
GAZP,60,240408,170000,163.74,164.27,163.67,164.24,1453610
GAZP,60,240408,180000,164.26,164.26,163.67,163.67,652340
GAZP,60,240408,190000,163.67,163.96,163.61,163.91,303060
GAZP,60,240408,200000,163.91,163.99,163.78,163.79,184590
GAZP,60,240408,210000,163.79,164.05,163.78,163.92,231270
GAZP,60,240408,220000,163.92,164.07,163.8,163.91,370860
GAZP,60,240408,230000,163.91,163.96,163.83,163.89,129770
GAZP,60,240409,100000,164,164.02,163.49,163.74,1894050
GAZP,60,240409,110000,163.74,165.79,163.72,165.1,9116450
GAZP,60,240409,120000,165.1,165.13,164.52,164.75,1936020
GAZP,60,240409,130000,164.74,165.25,164.73,165.19,1641400
GAZP,60,240409,140000,165.19,165.33,164.58,164.63,2333070
GAZP,60,240409,150000,164.64,164.93,164.02,164.43,3337990
GAZP,60,240409,160000,164.48,164.7,164.21,164.5,1628500
GAZP,60,240409,170000,164.48,164.7,164.25,164.53,1839120
GAZP,60,240409,180000,164.53,164.55,163.53,163.88,2717850
GAZP,60,240409,190000,163.88,164.27,163.75,163.98,900970
GAZP,60,240409,200000,163.98,164,163.76,164,462420
GAZP,60,240409,210000,163.95,164.2,163.87,164.2,392930
GAZP,60,240409,220000,164.2,164.4,164.15,164.17,418300
GAZP,60,240409,230000,164.17,164.27,164.02,164.08,435680
GAZP,60,240410,100000,164.14,165.06,163.59,164.98,3579920
GAZP,60,240410,110000,164.98,165.94,164.58,165.38,5643180
GAZP,60,240410,120000,165.39,165.65,165.1,165.16,1904100
GAZP,60,240410,130000,165.16,165.44,164.9,165.1,2044790
GAZP,60,240410,140000,165.1,165.38,164.9,165.09,1195320
GAZP,60,240410,150000,165.1,165.5,164.94,165.08,1442660
GAZP,60,240410,160000,165.08,165.17,164.52,164.81,1734550
GAZP,60,240410,170000,164.81,165.19,164.55,164.56,1760200
GAZP,60,240410,180000,164.56,164.99,164.55,164.99,917260
GAZP,60,240410,190000,164.93,165.14,164.8,164.86,713810
GAZP,60,240410,200000,164.9,164.98,164.37,164.92,1087440
GAZP,60,240410,210000,164.9,165,164.84,164.92,328010
GAZP,60,240410,220000,164.92,164.93,164.61,164.79,411720
GAZP,60,240410,230000,164.8,165,164.71,164.74,445820
GAZP,60,240411,100000,164.97,166,164.8,164.98,5310590
GAZP,60,240411,110000,164.97,165.4,164.81,164.95,1858140
GAZP,60,240411,120000,164.95,164.98,164.3,164.92,2345640
GAZP,60,240411,130000,164.92,165,164.5,164.74,1067750
GAZP,60,240411,140000,164.73,164.78,164.48,164.48,517570
GAZP,60,240411,150000,164.48,164.76,164.15,164.65,1360820
GAZP,60,240411,160000,164.66,166.33,164.59,165.78,7390620
GAZP,60,240411,170000,165.79,166.27,165.78,166.09,5058660
GAZP,60,240411,180000,166.08,166.09,165.8,166.06,1764480
GAZP,60,240411,190000,166.01,166.15,165.62,165.75,1338220
GAZP,60,240411,200000,165.75,165.9,165.69,165.77,462570
GAZP,60,240411,210000,165.77,166.06,165.73,166,582530
GAZP,60,240411,220000,166,166.19,165.81,166.11,882530
GAZP,60,240411,230000,166.11,166.3,166.05,166.24,833920
GAZP,60,240412,100000,166.52,166.8,165.6,165.91,5872290
GAZP,60,240412,110000,165.91,166.65,165.25,166.36,4353760
GAZP,60,240412,120000,166.32,166.5,165.68,165.83,2933550
GAZP,60,240412,130000,165.84,166.18,165.7,166.16,1047840
GAZP,60,240412,140000,166.18,166.21,165.8,165.94,1050470
GAZP,60,240412,150000,165.95,165.95,165.52,165.53,1559270
GAZP,60,240412,160000,165.59,165.72,165.52,165.63,1049550
GAZP,60,240412,170000,165.64,166.05,165.6,165.79,1455210
GAZP,60,240412,180000,165.8,165.8,165.25,165.3,1999880
GAZP,60,240412,190000,165.32,165.61,165.1,165.4,833740
GAZP,60,240412,200000,165.39,165.5,164.81,164.89,1383950
GAZP,60,240412,210000,164.89,165.09,164.75,164.91,965550
GAZP,60,240412,220000,164.91,165.24,164.69,165.16,773550
GAZP,60,240412,230000,165.16,165.18,164.71,164.83,923660
GAZP,60,240415,100000,165,165.66,164.4,164.52,4450080
GAZP,60,240415,110000,164.52,164.89,164.22,164.82,1813230
GAZP,60,240415,120000,164.82,164.83,164.44,164.51,1075960
GAZP,60,240415,130000,164.52,164.55,164.31,164.53,1556850
GAZP,60,240415,140000,164.52,164.89,164.44,164.45,1348600
GAZP,60,240415,150000,164.45,164.58,164.11,164.4,2028420
GAZP,60,240415,160000,164.4,164.78,164.38,164.74,901420
GAZP,60,240415,170000,164.71,164.76,164.34,164.69,1003000
GAZP,60,240415,180000,164.67,165.12,164.35,164.35,1767030
GAZP,60,240415,190000,164.4,164.44,164.21,164.33,850960
GAZP,60,240415,200000,164.33,164.39,163.62,163.75,2209570
GAZP,60,240415,210000,163.76,163.83,163.55,163.59,1103190
GAZP,60,240415,220000,163.57,163.72,163.56,163.66,546480
GAZP,60,240415,230000,163.66,163.67,163.27,163.33,907920
GAZP,60,240416,100000,163.39,163.77,162.65,162.94,4180600
GAZP,60,240416,110000,162.94,163.69,162.92,163.67,2150830
GAZP,60,240416,120000,163.68,163.87,163.35,163.75,1517600
GAZP,60,240416,130000,163.74,163.81,163.34,163.59,1188110
GAZP,60,240416,140000,163.58,163.7,163.14,163.62,1230790
GAZP,60,240416,150000,163.64,164.41,163.55,164.08,2577760
GAZP,60,240416,160000,164.05,164.75,164.05,164.6,1294180
GAZP,60,240416,170000,164.6,164.7,164.17,164.56,1181030
GAZP,60,240416,180000,164.59,164.75,164.1,164.1,1342050
GAZP,60,240416,190000,164.78,164.78,163.92,164.09,681380
GAZP,60,240416,200000,164.09,164.6,163.93,164.15,865330
GAZP,60,240416,210000,164.16,164.47,164.12,164.44,400040
GAZP,60,240416,220000,164.44,164.45,164.25,164.28,264040
GAZP,60,240416,230000,164.28,164.45,164.1,164.38,380400
GAZP,60,240417,100000,164.58,164.86,163.78,164.35,2763100
GAZP,60,240417,110000,164.34,164.34,163.9,164.22,1363290
GAZP,60,240417,120000,164.21,165.5,164.2,164.9,3535760
GAZP,60,240417,130000,164.9,165.47,164.8,165.32,2212990
GAZP,60,240417,140000,165.32,165.68,164.84,164.9,2220170
GAZP,60,240417,150000,164.89,165.45,164.71,165.42,1511340
GAZP,60,240417,160000,165.42,165.44,164.61,164.96,1710880
GAZP,60,240417,170000,164.97,165.21,164.8,165.1,658110
GAZP,60,240417,180000,165.1,165.49,164.96,165.37,1502410
GAZP,60,240417,190000,165,165.37,164.79,165.04,748480
GAZP,60,240417,200000,165,165.22,164.85,165.09,367640
GAZP,60,240417,210000,165.09,165.1,164.9,164.94,199920
GAZP,60,240417,220000,164.94,165.15,164.8,164.81,535310
GAZP,60,240417,230000,164.81,165.06,164.53,164.62,733660
GAZP,60,240418,100000,164.74,165.07,163.85,164.32,3337190
GAZP,60,240418,110000,164.32,164.88,164.29,164.62,1610560
GAZP,60,240418,120000,164.6,165.42,164.6,165.06,2233900
GAZP,60,240418,130000,165.08,165.26,164.99,165.01,914940
GAZP,60,240418,140000,165,165.2,164.9,165.09,847460
GAZP,60,240418,150000,165.1,165.35,164.95,165.19,880260
GAZP,60,240418,160000,165.19,165.3,165.1,165.26,465060
GAZP,60,240418,170000,165.27,165.6,165.25,165.5,1748380
GAZP,60,240418,180000,165.51,165.95,165.29,165.62,2251290
GAZP,60,240418,190000,165.6,166.1,165.6,165.89,1538630
GAZP,60,240418,200000,165.88,166,165.86,165.89,478510
GAZP,60,240418,210000,165.91,165.92,165.46,165.56,500540
GAZP,60,240418,220000,165.57,165.7,165.28,165.4,538410
GAZP,60,240418,230000,165.4,165.41,165.23,165.4,275910
GAZP,60,240419,100000,165.53,165.97,165,165.82,3085180
GAZP,60,240419,110000,165.82,166.32,165.41,166.02,2230250
GAZP,60,240419,120000,166.02,166.8,165.82,166.35,3753870
GAZP,60,240419,130000,166.35,166.51,166.11,166.23,2068300
GAZP,60,240419,140000,166.21,166.65,166.15,166.6,1813400
GAZP,60,240419,150000,166.6,167.99,166.54,167.68,9798210
GAZP,60,240419,160000,167.68,168.15,167.26,167.44,4907910
GAZP,60,240419,170000,167.45,168.09,167.3,168,2515010
GAZP,60,240419,180000,168,168.02,167.25,167.28,2202150
GAZP,60,240419,190000,167.27,167.59,167.08,167.5,912310
GAZP,60,240419,200000,167.5,167.66,167.36,167.57,564090
GAZP,60,240419,210000,167.57,167.57,167.21,167.28,612160
GAZP,60,240419,220000,167.28,167.44,167.1,167.32,780850
GAZP,60,240419,230000,167.32,167.34,167,167.03,961630
GAZP,60,240422,100000,167.27,167.89,166.65,167.11,5452710
GAZP,60,240422,110000,167.1,167.17,166.53,166.83,2774350
GAZP,60,240422,120000,166.84,167.2,166.52,166.72,2500000
GAZP,60,240422,130000,166.72,166.98,166.67,166.67,1638220
GAZP,60,240422,140000,166.68,166.73,166.15,166.3,2549210
GAZP,60,240422,150000,166.31,166.47,166.06,166.32,1903610
GAZP,60,240422,160000,166.3,166.39,165.95,166,1902730
GAZP,60,240422,170000,166.01,166.21,165.55,166.01,3591950
GAZP,60,240422,180000,166.01,166.18,165.84,166.14,1367530
GAZP,60,240422,190000,166.05,166.14,165.9,166.14,445450
GAZP,60,240422,200000,166.08,166.13,165.9,165.99,356540
GAZP,60,240422,210000,165.99,166.17,165.93,166.05,405040
GAZP,60,240422,220000,166.05,166.37,166.03,166.3,546140
GAZP,60,240422,230000,166.33,166.99,166.27,166.77,1490450
GAZP,60,240423,100000,166.59,167.43,166.51,166.6,2855760
GAZP,60,240423,110000,166.62,166.75,166.15,166.41,1896170
GAZP,60,240423,120000,166.41,166.88,166.2,166.58,2430190
GAZP,60,240423,130000,166.61,166.63,165.91,166.05,1730490
GAZP,60,240423,140000,166.09,166.32,165.85,165.86,1765730
GAZP,60,240423,150000,165.86,165.87,164.41,164.99,4688990
GAZP,60,240423,160000,165,165.26,164.7,164.95,2825980
GAZP,60,240423,170000,164.95,165.17,164.53,165.12,1617260
GAZP,60,240423,180000,165.13,165.16,162.62,163.3,9698630
GAZP,60,240423,190000,163.4,163.8,163.13,163.79,1598300
GAZP,60,240423,200000,163.8,163.84,163.1,163.46,1174890
GAZP,60,240423,210000,163.44,163.98,163.44,163.85,1332350
GAZP,60,240423,220000,163.85,163.92,163.35,163.54,542610
GAZP,60,240423,230000,163.54,163.86,163.16,163.7,801950
GAZP,60,240424,100000,163.7,164.04,162.8,163.4,3446520
GAZP,60,240424,110000,163.4,163.93,162.73,163.16,4192930
GAZP,60,240424,120000,163.17,164.01,163,163.77,2199860
GAZP,60,240424,130000,163.74,163.79,163.03,163.38,1751940
GAZP,60,240424,140000,163.38,164.41,163.2,164.11,2113330
GAZP,60,240424,150000,164.11,164.4,163.79,163.8,1595350
GAZP,60,240424,160000,163.81,163.89,163.4,163.42,1070330
GAZP,60,240424,170000,163.42,163.43,163.01,163.09,1393670
GAZP,60,240424,180000,163.09,163.34,163.01,163.11,911230
GAZP,60,240424,190000,163.28,163.29,163.04,163.25,245550
GAZP,60,240424,200000,163.26,163.28,163,163.1,366930
GAZP,60,240424,210000,163.1,163.19,163.01,163.08,283950
GAZP,60,240424,220000,163.1,163.14,162.88,163.01,458530
GAZP,60,240424,230000,163,163.01,162.62,162.86,767850
GAZP,60,240425,100000,162.99,163.79,162.81,163.13,2067520
GAZP,60,240425,110000,163.16,163.7,163.05,163.5,1357090
GAZP,60,240425,120000,163.5,164.2,163.47,163.94,1687150
GAZP,60,240425,130000,163.94,163.95,163.4,163.51,815020
GAZP,60,240425,140000,163.56,163.74,162.67,162.85,2498840
GAZP,60,240425,150000,162.88,163.36,162.81,163.07,1910080
GAZP,60,240425,160000,163.06,163.3,162.84,163.26,872260
GAZP,60,240425,170000,163.27,163.3,163.02,163.3,1178890
GAZP,60,240425,180000,163.3,163.3,163.05,163.05,878050
GAZP,60,240425,190000,163.3,163.49,163.01,163.2,345990
GAZP,60,240425,200000,163.2,163.21,163,163.09,263870
GAZP,60,240425,210000,163.09,163.37,163.08,163.26,261360
GAZP,60,240425,220000,163.25,163.35,163.2,163.33,205380
GAZP,60,240425,230000,163.33,163.37,163.13,163.35,233230
GAZP,60,240426,100000,163.45,163.78,163.22,163.75,1315480
GAZP,60,240426,110000,163.75,164.19,163.75,164.07,2315190
GAZP,60,240426,120000,164.08,164.1,163.6,163.7,1443690
GAZP,60,240426,130000,163.7,163.81,163.32,163.6,1974960
GAZP,60,240426,140000,163.6,163.71,163.1,163.1,1416010
GAZP,60,240426,150000,163.1,163.11,162.75,162.89,3406790
GAZP,60,240426,160000,162.9,162.9,162.21,162.63,3124960
GAZP,60,240426,170000,162.64,162.86,162.4,162.5,2187650
GAZP,60,240426,180000,162.51,162.55,162.11,162.11,3042030
GAZP,60,240426,190000,162.45,162.48,162.15,162.48,868360
GAZP,60,240426,200000,162.43,162.84,162.43,162.78,609190
GAZP,60,240426,210000,162.74,162.78,162.5,162.54,441280
GAZP,60,240426,220000,162.54,162.78,162.5,162.71,405330
GAZP,60,240426,230000,162.71,162.78,162.37,162.46,550250
GAZP,60,240427,100000,162.6,162.88,162.24,162.47,1147600
GAZP,60,240427,110000,162.47,162.62,162.33,162.58,498950
GAZP,60,240427,120000,162.59,162.63,162.41,162.58,485250
GAZP,60,240427,130000,162.57,162.71,162.31,162.33,812090
GAZP,60,240427,140000,162.32,162.42,162.13,162.14,1379630
GAZP,60,240427,150000,162.15,162.54,162.11,162.19,1567300
GAZP,60,240427,160000,162.19,162.27,161.7,162.05,2120670
GAZP,60,240427,170000,162.06,166.39,162,165.51,13864360
GAZP,60,240427,180000,165.51,165.7,164.56,164.8,4212230
GAZP,60,240427,190000,164.8,166.49,164.21,164.66,2986890
GAZP,60,240427,200000,164.66,164.99,164.45,164.75,589900
GAZP,60,240427,210000,164.75,164.76,164.3,164.59,707440
GAZP,60,240427,220000,164.59,164.69,164.28,164.36,290850
GAZP,60,240427,230000,164.37,164.4,163.77,164.06,587240
GAZP,60,240429,100000,164.1,165.24,163.83,165.14,1915440
GAZP,60,240429,110000,165.11,165.24,164.5,164.61,1131510
GAZP,60,240429,120000,164.57,164.77,164.51,164.71,289330
GAZP,60,240429,130000,164.72,164.75,164.51,164.6,362280
GAZP,60,240429,140000,164.61,164.7,164.3,164.31,391790
GAZP,60,240429,150000,164.3,164.4,164.01,164.22,597740
GAZP,60,240429,160000,164.22,164.43,164.1,164.18,298650
GAZP,60,240429,170000,164.18,164.24,164.05,164.15,354610
GAZP,60,240429,180000,164.13,164.35,163.83,164.35,889410
GAZP,60,240429,190000,164.6,164.6,163.85,164.24,426510
GAZP,60,240429,200000,164.25,164.32,164,164.18,198510
GAZP,60,240429,210000,164.17,164.53,164.13,164.46,262620
GAZP,60,240429,220000,164.46,164.49,164,164,330850
GAZP,60,240429,230000,164.05,164.3,164.01,164.03,351360
GAZP,60,240430,100000,164.35,164.55,164,164.03,975910
GAZP,60,240430,110000,164.04,164.29,164.02,164.06,692300
GAZP,60,240430,120000,164.06,164.11,163.88,163.89,880870
GAZP,60,240430,130000,163.89,164.06,163.52,163.66,1114830
GAZP,60,240430,140000,163.66,163.71,163.43,163.63,568980
GAZP,60,240430,150000,163.63,163.92,163.52,163.56,514210
GAZP,60,240430,160000,163.55,163.59,163.42,163.5,336290
GAZP,60,240430,170000,163.5,163.79,163.48,163.79,484810
GAZP,60,240430,180000,163.79,163.82,163.59,163.59,556880
GAZP,60,240430,190000,163.43,163.58,163.25,163.43,297460
GAZP,60,240430,200000,163.43,163.5,163.34,163.35,119670
GAZP,60,240430,210000,163.35,163.62,163.34,163.51,96760
GAZP,60,240430,220000,163.51,163.7,163.43,163.62,295830
GAZP,60,240430,230000,163.58,163.62,163.22,163.22,231960
GAZP,60,240502,100000,163.29,165.19,163.29,164.93,6289980
GAZP,60,240502,110000,164.94,165.36,164.64,164.88,3575600
GAZP,60,240502,120000,164.89,165.16,164.3,164.49,2561660
GAZP,60,240502,130000,164.48,164.8,164.22,164.68,1729330
GAZP,60,240502,140000,164.7,165.1,164.65,164.97,1123300
GAZP,60,240502,150000,164.98,165.19,161.78,161.86,3810090
GAZP,60,240502,160000,161.86,162.62,156.38,157.62,54292340
GAZP,60,240502,170000,157.61,159,156.6,158.45,23216940
GAZP,60,240502,180000,158.45,158.49,157.16,157.65,8336910
GAZP,60,240502,190000,157.65,158,157.22,157.99,4536400
GAZP,60,240502,200000,157.99,158.2,157.78,158.08,2470270
GAZP,60,240502,210000,158.05,158.09,157.1,157.28,2479980
GAZP,60,240502,220000,157.28,157.5,157.13,157.36,1531780
GAZP,60,240502,230000,157.39,157.87,157.17,157.75,1425800
GAZP,60,240503,100000,157.43,157.74,155.91,156.04,11597140
GAZP,60,240503,110000,156.05,156.46,154.42,154.71,16532800
GAZP,60,240503,120000,154.71,155.06,154,154.79,10119380
GAZP,60,240503,130000,154.8,155.02,154.4,154.71,4654350
GAZP,60,240503,140000,154.71,155.47,154.71,155.2,4480460
GAZP,60,240503,150000,155.2,155.45,155.11,155.39,2004480
GAZP,60,240503,160000,155.39,155.86,155.1,155.7,3397180
GAZP,60,240503,170000,155.68,156.12,155.48,155.67,2762200
GAZP,60,240503,180000,155.67,155.7,155,155.02,4569400
GAZP,60,240503,190000,155.16,155.26,154.86,155.05,1632260
GAZP,60,240503,200000,155.05,155.22,155.01,155.07,977190
GAZP,60,240503,210000,155.07,155.11,154.9,154.98,826990
GAZP,60,240503,220000,154.95,155.41,154.95,155.31,1217920
GAZP,60,240503,230000,155.31,155.38,155.02,155.2,1449360
GAZP,60,240506,100000,155.32,155.76,154.67,155.52,4888430
GAZP,60,240506,110000,155.53,155.73,154.9,154.99,1946160
GAZP,60,240506,120000,155,155.02,154.7,154.83,1918620
GAZP,60,240506,130000,154.84,154.85,154.68,154.68,1349960
GAZP,60,240506,140000,154.68,155,154.6,154.91,2093090
GAZP,60,240506,150000,154.91,154.92,154.55,154.57,1271310
GAZP,60,240506,160000,154.56,154.77,154.53,154.67,986570
GAZP,60,240506,170000,154.65,154.66,154.1,154.2,3840510
GAZP,60,240506,180000,154.19,154.28,153,153.45,4561420
GAZP,60,240506,190000,153.45,153.72,153.29,153.63,1192810
GAZP,60,240506,200000,153.63,153.79,153.3,153.78,1133850
GAZP,60,240506,210000,153.79,153.85,153.58,153.64,579950
GAZP,60,240506,220000,153.64,154.48,153.63,153.74,737340
GAZP,60,240506,230000,153.74,153.94,153.64,153.64,477090
GAZP,60,240507,100000,154,154.71,153.75,154.11,2623050
GAZP,60,240507,110000,154.11,154.48,154.04,154.18,1030180
GAZP,60,240507,120000,154.16,154.3,153.86,154.07,1353140
GAZP,60,240507,130000,154.08,154.58,154.06,154.51,1523430
GAZP,60,240507,140000,154.51,154.96,154.05,154.12,1983980
GAZP,60,240507,150000,154.1,154.15,153.8,153.96,1371160
GAZP,60,240507,160000,153.97,154.06,153.65,153.95,1693210
GAZP,60,240507,170000,153.95,154,153.5,153.7,1728380
GAZP,60,240507,180000,153.7,154.47,153.7,154.37,1567810
GAZP,60,240507,190000,154.35,154.37,154.15,154.28,483090
GAZP,60,240507,200000,154.25,154.34,154.17,154.32,232430
GAZP,60,240507,210000,154.32,154.48,154.24,154.37,250400
GAZP,60,240507,220000,154.37,154.4,154.22,154.27,168640
GAZP,60,240507,230000,154.26,154.36,154.12,154.16,540640
GAZP,60,240508,100000,154.22,154.75,154.21,154.53,2013410
GAZP,60,240508,110000,154.53,154.68,154.31,154.62,849980
GAZP,60,240508,120000,154.62,154.7,154.5,154.62,795590
GAZP,60,240508,130000,154.62,154.65,154.24,154.47,896120
GAZP,60,240508,140000,154.47,154.58,154.37,154.38,341960
GAZP,60,240508,150000,154.38,154.7,154.33,154.4,1419620
GAZP,60,240508,160000,154.4,154.55,154.2,154.29,758840
GAZP,60,240508,170000,154.29,154.39,154.19,154.3,851520
GAZP,60,240508,180000,154.3,154.46,154.24,154.25,469460
GAZP,60,240508,190000,154.6,154.6,154.16,154.27,254790
GAZP,60,240508,200000,154.28,154.45,154.26,154.38,208070
GAZP,60,240508,210000,154.39,154.44,154.31,154.35,171800
GAZP,60,240508,220000,154.35,154.38,154.29,154.36,228790
GAZP,60,240508,230000,154.36,154.37,154.21,154.22,355700
GAZP,60,240510,100000,154.24,154.89,154.24,154.57,1547910
GAZP,60,240510,110000,154.57,154.6,154.35,154.43,487410
GAZP,60,240510,120000,154.43,154.6,154.39,154.58,323580
GAZP,60,240510,130000,154.58,154.68,154.45,154.54,283540
GAZP,60,240510,140000,154.54,154.59,154.48,154.51,187220
GAZP,60,240510,150000,154.5,154.55,154.37,154.49,351050
GAZP,60,240510,160000,154.5,154.55,154.41,154.43,249220
GAZP,60,240510,170000,154.43,154.54,154.37,154.51,241490
GAZP,60,240510,180000,154.5,154.59,154.41,154.59,278480
GAZP,60,240510,190000,154.33,154.62,154.33,154.61,255640
GAZP,60,240510,200000,154.61,154.62,154.55,154.57,88220
GAZP,60,240510,210000,154.58,154.7,154.55,154.69,254390
GAZP,60,240510,220000,154.68,154.69,154.5,154.52,113260
GAZP,60,240510,230000,154.53,154.7,154.5,154.58,276740
GAZP,60,240513,100000,155.19,156.4,155,156.1,6246310
GAZP,60,240513,110000,156.09,156.67,155.91,156.67,3000840
GAZP,60,240513,120000,156.66,156.84,156.02,156.13,2300630
GAZP,60,240513,130000,156.13,156.27,155.65,155.93,1590530
GAZP,60,240513,140000,155.93,156.04,154.95,155.4,3775660
GAZP,60,240513,150000,155.4,155.53,154.91,155.3,965750
GAZP,60,240513,160000,155.31,155.42,155.05,155.38,427300
GAZP,60,240513,170000,155.39,156.15,155.31,156.11,1853990
GAZP,60,240513,180000,156.11,156.12,155.52,155.52,972530
GAZP,60,240513,190000,155.8,155.9,155.56,155.75,560860
GAZP,60,240513,200000,155.72,158.65,155.71,157.36,10903870
GAZP,60,240513,210000,157.4,157.8,157.35,157.58,1983530
GAZP,60,240513,220000,157.58,157.95,157.57,157.59,978560
GAZP,60,240513,230000,157.59,157.93,157.57,157.9,807580
GAZP,60,240514,100000,157.98,158.4,157.25,157.37,4084230
GAZP,60,240514,110000,157.36,157.75,156.67,156.81,1763780
GAZP,60,240514,120000,156.81,157.34,156.73,157.3,848130
GAZP,60,240514,130000,157.3,157.37,157,157,784130
GAZP,60,240514,140000,157,157.17,156.7,157.11,1263660
GAZP,60,240514,150000,157.1,157.38,156.75,157.01,1059980
GAZP,60,240514,160000,157.01,157.01,156.7,156.71,854970
GAZP,60,240514,170000,156.71,156.84,155.82,156.09,3360150
GAZP,60,240514,180000,156.1,156.57,155.92,156.21,1438250
GAZP,60,240514,190000,156.2,156.63,156.01,156.33,558260
GAZP,60,240514,200000,156.29,156.45,156.22,156.3,315550
GAZP,60,240514,210000,156.3,156.35,155.92,156.08,891640
GAZP,60,240514,220000,156.07,156.34,155.97,156.13,576680
GAZP,60,240514,230000,156.13,156.27,155.97,156.16,837480
GAZP,60,240515,100000,156.37,156.57,156,156.05,2416750
GAZP,60,240515,110000,156.06,156.08,155.26,155.35,3352750
GAZP,60,240515,120000,155.36,155.44,155.13,155.43,1735230
GAZP,60,240515,130000,155.42,155.62,155.26,155.35,1221850
GAZP,60,240515,140000,155.35,155.43,154.91,155.21,2319670
GAZP,60,240515,150000,155.21,155.4,155.05,155.36,1237270
GAZP,60,240515,160000,155.37,156.5,155,156.31,5262960
GAZP,60,240515,170000,156.32,156.86,155.03,156.86,3791630
GAZP,60,240515,180000,156.85,157.29,156.75,156.75,3196650
GAZP,60,240515,190000,156.88,157.07,156.47,156.61,890620
GAZP,60,240515,200000,156.6,156.6,156.16,156.38,327640
GAZP,60,240515,210000,156.38,156.96,156.38,156.81,545900
GAZP,60,240515,220000,156.8,156.84,156.35,156.73,440400
GAZP,60,240515,230000,156.72,157,156.5,156.97,491500
GAZP,60,240516,100000,157,157.5,156.99,157.15,2961290
GAZP,60,240516,110000,157.15,157.29,157,157.27,1677620
GAZP,60,240516,120000,157.27,157.56,157.27,157.45,1387560
GAZP,60,240516,130000,157.45,157.78,157.4,157.69,2247190
GAZP,60,240516,140000,157.7,157.76,157.21,157.66,2089950
GAZP,60,240516,150000,157.68,157.86,157.6,157.75,1821810
GAZP,60,240516,160000,157.74,157.87,157.65,157.87,1609800
GAZP,60,240516,170000,157.86,158.1,157.75,157.76,2340450
GAZP,60,240516,180000,157.77,157.81,156.67,157.25,2007110
GAZP,60,240516,190000,157.29,157.29,156.81,156.86,462450
GAZP,60,240516,200000,156.88,158,156.8,157.68,2293770
GAZP,60,240516,210000,157.69,157.69,156.8,157.56,1274560
GAZP,60,240516,220000,157.55,158,157.55,157.78,1633120
GAZP,60,240516,230000,157.78,157.98,157.58,157.88,968880
GAZP,60,240517,100000,158.3,158.3,156.6,156.67,4818410
GAZP,60,240517,110000,156.67,156.74,156.11,156.59,3174710
GAZP,60,240517,120000,156.58,156.58,155.83,156.3,1939540
GAZP,60,240517,130000,156.31,156.59,155.6,155.84,2649800
GAZP,60,240517,140000,155.82,156.04,155.41,155.54,3188030
GAZP,60,240517,150000,155.51,156.5,155.37,155.92,10379840
GAZP,60,240517,160000,155.92,155.92,155,155.18,5255900
GAZP,60,240517,170000,155.18,155.57,155.17,155.57,2525190
GAZP,60,240517,180000,155.57,155.57,154.75,155.06,2978400
GAZP,60,240517,190000,155.1,155.28,154.85,155.22,767600
GAZP,60,240517,200000,155.22,155.38,155.1,155.27,855310
GAZP,60,240517,210000,155.27,155.27,155.02,155.16,497580
GAZP,60,240517,220000,155.12,155.38,155.12,155.3,912380
GAZP,60,240517,230000,155.29,155.33,155.11,155.17,737020
GAZP,60,240520,100000,155.4,155.69,154.25,154.26,5088400
GAZP,60,240520,110000,154.25,154.39,153.26,153.29,5904840
GAZP,60,240520,120000,153.3,153.45,151.11,152.13,13746380
GAZP,60,240520,130000,152.12,152.12,151.06,152,7598520
GAZP,60,240520,140000,152,152.6,151.97,152.45,3801210
GAZP,60,240520,150000,152.45,152.9,152,152.59,2656250
GAZP,60,240520,160000,152.59,153.42,152.45,153.2,4518520
GAZP,60,240520,170000,153.21,153.31,152.4,152.48,2148190
GAZP,60,240520,180000,152.48,152.5,151.8,151.8,2312550
GAZP,60,240520,190000,152.2,152.28,148.2,148.59,10402520
GAZP,60,240520,200000,148.59,149.52,145.38,145.52,50460730
GAZP,60,240520,210000,145.49,146.36,145.03,146.09,18028720
GAZP,60,240520,220000,146.07,146.38,145.4,145.79,6246920
GAZP,60,240520,230000,145.8,146.01,145.01,145.03,5879480
GAZP,60,240521,100000,144.24,145.68,139.21,139.52,58710730
GAZP,60,240521,110000,139.52,140.13,137.35,139.79,55251250
GAZP,60,240521,120000,139.79,141.1,138.65,141.03,18154240
GAZP,60,240521,130000,141.04,141.25,139.28,140.4,10879960
GAZP,60,240521,140000,140.4,140.9,139.99,140.49,4665060
GAZP,60,240521,150000,140.5,140.56,139,139.31,7496270
GAZP,60,240521,160000,139.31,139.44,138.5,139.25,6967590
GAZP,60,240521,170000,139.24,139.86,138.97,139.69,4500190
GAZP,60,240521,180000,139.68,139.85,139.36,139.43,2285190
GAZP,60,240521,190000,139.45,139.77,138.9,139.67,2946810
GAZP,60,240521,200000,139.67,139.7,139.2,139.64,1761210
GAZP,60,240521,210000,139.65,139.99,139.56,139.8,1479990
GAZP,60,240521,220000,139.8,139.86,139.54,139.6,995800
GAZP,60,240521,230000,139.62,139.8,139.51,139.54,999570
GAZP,60,240522,100000,139.8,142.19,139.69,141.51,15165560
GAZP,60,240522,110000,141.52,142.2,141.11,141.34,6056620
GAZP,60,240522,120000,141.34,141.91,140.06,140.56,6430120
GAZP,60,240522,130000,140.57,140.9,140.4,140.59,1855080
GAZP,60,240522,140000,140.6,140.85,139.55,140,5810700
GAZP,60,240522,150000,140,140.24,139.67,140.02,3038270
GAZP,60,240522,160000,140.02,140.06,139.5,139.71,4291680
GAZP,60,240522,170000,139.71,139.94,139.5,139.87,2611040
GAZP,60,240522,180000,139.87,140.15,139.29,139.38,2587300
GAZP,60,240522,190000,139.49,139.58,138.67,139.51,2147040
GAZP,60,240522,200000,139.51,139.64,139,139.02,1845570
GAZP,60,240522,210000,139.02,139.33,139.01,139.23,665930
GAZP,60,240522,220000,139.22,139.35,139.04,139.23,694390
GAZP,60,240522,230000,139.23,139.42,139.15,139.25,898950
GAZP,60,240523,100000,139.07,139.07,135.65,136.19,19399070
GAZP,60,240523,110000,136.19,136.39,134.65,135.69,22138030
GAZP,60,240523,120000,135.7,135.88,134.3,134.98,14217020
GAZP,60,240523,130000,134.98,135.76,134.94,135.34,6533960
GAZP,60,240523,140000,135.33,135.66,135,135.02,6247300
GAZP,60,240523,150000,135.02,135.62,134.79,135.55,5230910
GAZP,60,240523,160000,135.56,136.2,135.24,135.55,7761740
GAZP,60,240523,170000,135.55,135.68,134.64,135.22,7898430
GAZP,60,240523,180000,135.21,135.29,134.72,134.9,3392020
GAZP,60,240523,190000,134.9,135.69,133.17,135.63,9556500
GAZP,60,240523,200000,135.63,135.69,134.9,135.06,2751140
GAZP,60,240523,210000,135.06,135.38,134.83,135.26,1605880
GAZP,60,240523,220000,135.26,135.44,134.95,134.96,1385610
GAZP,60,240523,230000,134.98,135.16,134.64,134.69,2543880
GAZP,60,240524,100000,134.95,136.45,134.82,135.38,10736810
GAZP,60,240524,110000,135.38,135.49,134.65,135.22,5077580
GAZP,60,240524,120000,135.23,135.6,135.21,135.58,5738910
GAZP,60,240524,130000,135.58,135.82,135.1,135.47,3059980
GAZP,60,240524,140000,135.47,135.5,133.65,134.07,8278490
GAZP,60,240524,150000,134.07,134.2,133.4,133.41,9858350
GAZP,60,240524,160000,133.4,134.58,133.4,134.37,3841030
GAZP,60,240524,170000,134.41,134.5,134,134.25,2324460
GAZP,60,240524,180000,134.27,134.5,133.75,133.75,1850430
GAZP,60,240524,190000,133.7,134.04,133.45,133.47,1569590
GAZP,60,240524,200000,133.47,133.7,133.11,133.47,1979610
GAZP,60,240524,210000,133.48,133.52,133,133.33,2155150
GAZP,60,240524,220000,133.32,133.48,133.18,133.42,1017840
GAZP,60,240524,230000,133.42,133.47,133.17,133.34,1229760
GAZP,60,240527,100000,134.2,134.69,132,132.62,13232240
GAZP,60,240527,110000,132.62,133.4,132.21,132.79,5380680
GAZP,60,240527,120000,132.8,133,131.51,131.87,6707340
GAZP,60,240527,130000,131.87,132.18,130.23,131.04,12490770
GAZP,60,240527,140000,131.06,131.6,130.58,130.58,3523740
GAZP,60,240527,150000,130.59,130.98,130,130.55,8440540
GAZP,60,240527,160000,130.54,130.92,130,130.18,4265070
GAZP,60,240527,170000,130.19,130.45,129.08,129.33,9037410
GAZP,60,240527,180000,129.33,129.82,127.56,127.7,12459310
GAZP,60,240527,190000,127.8,128.86,127.71,128.06,6764110
GAZP,60,240527,200000,128.08,128.77,127.74,128.57,2855150
GAZP,60,240527,210000,128.57,128.77,128.42,128.62,1473540
GAZP,60,240527,220000,128.63,128.63,128.17,128.3,1114080
GAZP,60,240527,230000,128.3,128.55,127.94,128.42,1449260
GAZP,60,240528,100000,128.77,130.43,127,130.4,16508610
GAZP,60,240528,110000,130.4,130.82,129.7,130.09,6470290
GAZP,60,240528,120000,130.08,131.75,130.01,130.7,6547440
GAZP,60,240528,130000,130.7,130.98,129.8,130.14,6044340
GAZP,60,240528,140000,130.13,130.63,130.02,130.21,1878980
GAZP,60,240528,150000,130.21,130.38,129.36,129.81,3016610
GAZP,60,240528,160000,129.81,130.09,129,129.26,3780610
GAZP,60,240528,170000,129.26,129.51,128.68,129.12,4650880
GAZP,60,240528,180000,129.11,129.37,128.09,128.09,4343920
GAZP,60,240528,190000,128.1,128.33,126.82,127.04,5202690
GAZP,60,240528,200000,127.05,128.2,127.04,128.1,2032450
GAZP,60,240528,210000,128.1,128.59,127.94,128.47,1037520
GAZP,60,240528,220000,128.51,128.54,128.09,128.41,783300
GAZP,60,240528,230000,128.43,128.88,128.43,128.47,1146320
GAZP,60,240529,100000,129,129.82,128.26,129.37,8324380
GAZP,60,240529,110000,129.35,129.5,128.51,128.72,4904900
GAZP,60,240529,120000,128.72,128.88,127.54,127.98,4486550
GAZP,60,240529,130000,127.95,128.8,127.83,128.71,2457470
GAZP,60,240529,140000,128.71,128.87,128.33,128.42,1760200
GAZP,60,240529,150000,128.42,128.56,127.34,127.35,4002550
GAZP,60,240529,160000,127.34,127.97,127.12,127.72,5049690
GAZP,60,240529,170000,127.72,127.78,127.29,127.45,3423000
GAZP,60,240529,180000,127.45,128.81,127.38,128.26,4676320
GAZP,60,240529,190000,128.26,128.57,127.9,128.03,1105170
GAZP,60,240529,200000,128.03,128.73,128,128.55,925960
GAZP,60,240529,210000,128.54,129.2,128.54,128.89,2051720
GAZP,60,240529,220000,128.89,128.99,128.35,128.42,1237610
GAZP,60,240529,230000,128.41,128.89,128.35,128.89,605950
GAZP,60,240530,100000,129.5,129.53,128.35,128.88,4093800
GAZP,60,240530,110000,128.9,128.9,127.92,128.06,2910430
GAZP,60,240530,120000,128.03,128.27,127.82,128.09,1743600
GAZP,60,240530,130000,128.08,128.35,127.78,128.3,2315520
GAZP,60,240530,140000,128.3,128.34,127.6,127.71,2039520
GAZP,60,240530,150000,127.72,128.17,127.27,127.38,3006890
GAZP,60,240530,160000,127.38,128.03,127.17,127.83,2951560
GAZP,60,240530,170000,127.84,128.26,127.53,127.58,2082350
GAZP,60,240530,180000,127.58,127.71,126.26,126.79,5023880
GAZP,60,240530,190000,126.75,127.21,126.55,126.85,2659770
GAZP,60,240530,200000,126.89,126.9,125.33,125.9,6079680
GAZP,60,240530,210000,125.91,126.23,125.76,125.9,1311890
GAZP,60,240530,220000,125.88,125.99,125.48,125.48,1959940
GAZP,60,240530,230000,125.48,125.57,123.26,124.93,7068200
GAZP,60,240531,100000,125.1,125.78,123.81,124.39,10799750
GAZP,60,240531,110000,124.38,127.7,124.34,127.58,9769940
GAZP,60,240531,120000,127.58,127.75,125.7,126.36,9376260
GAZP,60,240531,130000,126.34,127.16,126.28,126.41,3814420
GAZP,60,240531,140000,126.41,127.49,126.23,127.32,3044560
GAZP,60,240531,150000,127.33,127.72,127.25,127.28,2608910
GAZP,60,240531,160000,127.28,127.92,125.79,126.16,7915070
GAZP,60,240531,170000,126.15,126.99,126.08,126.69,4566170
GAZP,60,240531,180000,126.71,126.83,126.21,126.31,3301630
GAZP,60,240531,190000,126.31,126.68,124.16,125.56,6922110
GAZP,60,240531,200000,125.56,125.66,124.71,124.89,2414060
GAZP,60,240531,210000,124.91,125,124.21,124.28,3016710
GAZP,60,240531,220000,124.26,125.49,123.91,125.34,3834290
GAZP,60,240531,230000,125.35,127.51,125.01,126.46,3603110
GAZP,60,240603,100000,126.67,128.61,126.35,126.75,13270210
GAZP,60,240603,110000,126.75,127.3,125.16,125.55,6566320
GAZP,60,240603,120000,125.54,126.5,124.76,126.2,4875280
GAZP,60,240603,130000,126.21,126.39,124.11,125.03,6739280
GAZP,60,240603,140000,125.04,125.4,122.65,123.11,9551870
GAZP,60,240603,150000,123.14,123.81,122.09,123.06,9596650
GAZP,60,240603,160000,123.07,124.6,122.09,124.23,6440790
GAZP,60,240603,170000,124.24,124.35,123.27,124.24,3351910
GAZP,60,240603,180000,124.24,124.31,123.09,123.09,3062020
GAZP,60,240603,190000,123.17,123.83,123.05,123.81,1743470
GAZP,60,240603,200000,123.81,124.38,123.79,124.36,2157920
GAZP,60,240603,210000,124.35,124.38,123.6,124.01,1296740
GAZP,60,240603,220000,124.02,124.23,123.8,123.83,809440
GAZP,60,240603,230000,123.83,124.35,123.8,124.14,990430
GAZP,60,240604,100000,124.3,125.12,123.73,124.27,6114120
GAZP,60,240604,110000,124.27,124.33,123.24,123.71,4315280
GAZP,60,240604,120000,123.71,124,122.75,123.52,3745870
GAZP,60,240604,130000,123.53,124.4,123.49,123.88,2630610
GAZP,60,240604,140000,123.88,124.1,123.6,123.78,2105910
GAZP,60,240604,150000,123.77,123.97,123.55,123.97,1847780
GAZP,60,240604,160000,123.96,124.65,123.78,123.83,3556170
GAZP,60,240604,170000,123.82,124.36,123.82,124.18,2060250
GAZP,60,240604,180000,124.17,124.54,123.81,123.81,2150330
GAZP,60,240604,190000,123.83,124.19,123.64,124.07,848490
GAZP,60,240604,200000,124.04,124.49,124.02,124.07,1460250
GAZP,60,240604,210000,124.07,124.43,124.06,124.34,846890
GAZP,60,240604,220000,124.31,124.95,124.31,124.95,1746550
GAZP,60,240604,230000,124.95,125.16,124.73,125.1,1311190
GAZP,60,240605,100000,125.72,126.5,125.27,125.38,8208250
GAZP,60,240605,110000,125.39,126.38,125.37,126.02,3586590
GAZP,60,240605,120000,126.02,126.09,125.35,125.59,3710150
GAZP,60,240605,130000,125.56,125.68,125.03,125.12,2936780
GAZP,60,240605,140000,125.12,125.63,124.38,125.38,4994030
GAZP,60,240605,150000,125.38,125.4,124.3,125.22,3270920
GAZP,60,240605,160000,125.22,125.22,124.7,124.8,1531430
GAZP,60,240605,170000,124.8,124.93,124.67,124.72,1800480
GAZP,60,240605,180000,124.72,124.73,124.35,124.35,1101270
GAZP,60,240605,190000,124.64,124.64,124.4,124.61,536160
GAZP,60,240605,200000,124.61,124.66,124.05,124.2,1134480
GAZP,60,240605,210000,124.17,124.26,123.75,123.91,2180560
GAZP,60,240605,220000,123.92,124.3,123.63,124.13,1698570
GAZP,60,240605,230000,124.12,124.16,123.95,124.02,484640
GAZP,60,240606,100000,124.1,124.41,123.38,124.31,4298270
GAZP,60,240606,110000,124.32,124.94,124.19,124.6,2326440
GAZP,60,240606,120000,124.61,124.84,124.05,124.19,2303540
GAZP,60,240606,130000,124.19,124.37,123.69,123.94,2000850
GAZP,60,240606,140000,123.94,124.04,123.6,123.61,1560980
GAZP,60,240606,150000,123.61,124.2,123.5,124.04,2135330
GAZP,60,240606,160000,124.04,124.1,123.83,123.92,802070
GAZP,60,240606,170000,123.92,124,123.5,123.7,1572090
GAZP,60,240606,180000,123.7,123.93,123.52,123.55,1030780
GAZP,60,240606,190000,123.7,123.77,123.4,123.68,702970
GAZP,60,240606,200000,123.7,123.85,123.56,123.73,527690
GAZP,60,240606,210000,123.75,123.9,123.69,123.85,240260
GAZP,60,240606,220000,123.84,123.89,123.75,123.84,344880
GAZP,60,240606,230000,123.85,123.87,123.4,123.6,811930
GAZP,60,240607,100000,123.8,124.29,123.68,123.9,3581760
GAZP,60,240607,110000,123.91,124.49,123.58,124.31,2686880
GAZP,60,240607,120000,124.31,124.5,123.71,124.25,3562910
GAZP,60,240607,130000,124.24,125.82,123.9,124.88,10116970
GAZP,60,240607,140000,124.83,124.99,124,124.14,4096670
GAZP,60,240607,150000,124.14,124.32,123,123.62,7039310
GAZP,60,240607,160000,123.62,123.9,123.34,123.8,1621910
GAZP,60,240607,170000,123.8,124.05,123.56,123.69,1699820
GAZP,60,240607,180000,123.68,123.85,122.2,122.5,4610330
GAZP,60,240607,190000,122.55,122.91,122.16,122.8,3979670
GAZP,60,240607,200000,122.8,123.06,122.56,122.86,1809950
GAZP,60,240607,210000,122.86,123.14,122.72,123.03,1182140
GAZP,60,240607,220000,123.05,123.09,122.74,122.81,640970
GAZP,60,240607,230000,122.81,122.99,122.71,122.78,901790
GAZP,60,240610,100000,123.08,123.64,122.22,123.42,7329720
GAZP,60,240610,110000,123.41,123.56,122.84,123.07,2581140
GAZP,60,240610,120000,123.06,123.23,121.55,122.16,7569680
GAZP,60,240610,130000,122.17,122.5,121.94,122.17,2536650
GAZP,60,240610,140000,122.11,122.4,120.56,120.93,9042030
GAZP,60,240610,150000,120.93,121.02,120.21,120.44,6775280
GAZP,60,240610,160000,120.45,121,120.37,120.82,3785660
GAZP,60,240610,170000,120.85,121,119.29,120.04,9071280
GAZP,60,240610,180000,120.04,120.31,117.9,118.45,15109200
GAZP,60,240610,190000,118.45,118.79,117.54,118.41,9620180
GAZP,60,240610,200000,118.47,118.69,118.08,118.3,3467750
GAZP,60,240610,210000,118.34,119.2,118.26,118.95,3977730
GAZP,60,240610,220000,118.95,119.28,118.62,118.62,2121450
GAZP,60,240610,230000,118.63,119.06,118.45,119,2168410
GAZP,60,240611,100000,119.15,119.34,117.9,118.77,9773950
GAZP,60,240611,110000,118.77,119.12,118.38,118.77,4064500
GAZP,60,240611,120000,118.77,118.96,117.9,117.91,5769750
GAZP,60,240611,130000,117.91,118,116.55,117.2,9510660
GAZP,60,240611,140000,117.2,117.96,116.33,117.5,10720420
GAZP,60,240611,150000,117.51,117.54,116.73,117.11,5787230
GAZP,60,240611,160000,117.11,118.11,117.01,118.06,4775300
GAZP,60,240611,170000,118.06,118.33,117.53,117.94,4368990
GAZP,60,240611,180000,117.93,118.3,117.43,117.68,1918370
GAZP,60,240611,190000,117.7,118.19,117.7,118.16,1222090
GAZP,60,240611,200000,118.14,118.19,117.89,117.97,1065030
GAZP,60,240611,210000,117.96,118,117.46,117.67,1572370
GAZP,60,240611,220000,117.67,117.81,117.36,117.6,979490
GAZP,60,240611,230000,117.6,117.71,117.53,117.53,889100
GAZP,60,240613,100000,113,116.09,112.07,114.64,18049210
GAZP,60,240613,110000,114.64,116.2,114.61,116.19,5904630
GAZP,60,240613,120000,116.2,116.82,115.57,115.98,5189560
GAZP,60,240613,130000,115.99,116.47,115.76,116.13,2018220
GAZP,60,240613,140000,116.13,117.15,116.11,116.72,3259500
GAZP,60,240613,150000,116.72,119.7,116.71,118.98,9564250
GAZP,60,240613,160000,119,119.7,117.82,119.08,7770630
GAZP,60,240613,170000,119.08,119.7,118.1,119.42,5791950
GAZP,60,240613,180000,119.43,119.77,119.11,119.63,2796260
GAZP,60,240613,190000,119.65,119.86,118.93,119.74,2848960
GAZP,60,240613,200000,119.78,119.93,118.93,119.23,2904800
GAZP,60,240613,210000,119.24,119.4,118.86,118.95,1651040
GAZP,60,240613,220000,118.99,119.5,118.89,119.49,653350
GAZP,60,240613,230000,119.48,119.65,119.41,119.63,1182710
GAZP,60,240614,100000,119.95,121.25,119.65,120.28,11978280
GAZP,60,240614,110000,120.29,120.6,119.55,119.73,3924880
GAZP,60,240614,120000,119.77,120.44,119.61,120.42,2628130
GAZP,60,240614,130000,120.42,120.49,119.61,119.84,2597600
GAZP,60,240614,140000,119.84,120.08,119.74,119.82,2371940
GAZP,60,240614,150000,119.81,119.9,118.89,119.57,4254500
GAZP,60,240614,160000,119.57,121.14,119.4,120.88,6478600
GAZP,60,240614,170000,120.89,121.84,120.77,121.52,6846220
GAZP,60,240614,180000,121.53,121.63,121.14,121.41,1773090
GAZP,60,240614,190000,121.54,122.01,121.09,121.82,2661660
GAZP,60,240614,200000,121.85,121.97,121.35,121.59,1642180
GAZP,60,240614,210000,121.59,121.59,121.25,121.52,1046000
GAZP,60,240614,220000,121.51,121.54,121.32,121.51,656240
GAZP,60,240614,230000,121.5,121.77,121.42,121.65,1090270
GAZP,60,240617,100000,122.34,122.68,121.59,121.85,7104850
GAZP,60,240617,110000,121.85,122.2,120.79,121.44,4814330
GAZP,60,240617,120000,121.44,121.99,121.15,121.94,2563170
GAZP,60,240617,130000,121.94,122.55,121.93,122.33,2946340
GAZP,60,240617,140000,122.33,122.53,122.16,122.41,1641480
GAZP,60,240617,150000,122.41,122.62,122.19,122.2,1848620
GAZP,60,240617,160000,122.2,122.34,122.03,122.03,1136410
GAZP,60,240617,170000,122.04,122.07,121.54,121.83,2339980
GAZP,60,240617,180000,121.84,121.93,121.56,121.56,1174600
GAZP,60,240617,190000,121.64,121.83,121.3,121.33,1145340
GAZP,60,240617,200000,121.33,121.77,121.03,121.65,823430
GAZP,60,240617,210000,121.67,121.73,121.45,121.53,368070
GAZP,60,240617,220000,121.5,121.64,121.38,121.53,488760
GAZP,60,240617,230000,121.53,121.62,121.4,121.54,434490
GAZP,60,240618,100000,121.54,122.04,120.91,121.1,3976630
GAZP,60,240618,110000,121.1,121.1,120.45,120.75,3261820
GAZP,60,240618,120000,120.74,120.76,120.1,120.15,2626860
GAZP,60,240618,130000,120.15,121.15,120.13,120.79,2476480
GAZP,60,240618,140000,120.79,120.97,120.51,120.71,1239040
GAZP,60,240618,150000,120.7,120.74,119.17,119.56,4653180
GAZP,60,240618,160000,119.56,119.57,118.34,118.85,8239960
GAZP,60,240618,170000,118.86,119.5,118.66,118.67,3735700
GAZP,60,240618,180000,118.67,119.37,117.38,118.1,4374600
GAZP,60,240618,190000,118.24,118.3,117.18,118.14,2674200
GAZP,60,240618,200000,118.15,118.39,117.95,118,1261760
GAZP,60,240618,210000,118,118.37,117.95,118.31,889120
GAZP,60,240618,220000,118.32,118.4,117.88,118.08,1179090
GAZP,60,240618,230000,118.07,118.07,117.89,118.02,320620
GAZP,60,240619,100000,118.05,118.09,115.85,117.11,8233520
GAZP,60,240619,110000,117.13,118.5,117.02,117.64,5625710
GAZP,60,240619,120000,117.64,118.23,116.39,116.57,3459340
GAZP,60,240619,130000,116.58,117,115.5,115.71,5036380
GAZP,60,240619,140000,115.71,116.8,114.88,116.64,7770450
GAZP,60,240619,150000,116.64,116.69,115.82,115.95,2307580
GAZP,60,240619,160000,115.98,116.11,114.23,114.7,5747690
GAZP,60,240619,170000,114.7,114.99,112.54,113.18,14914170
GAZP,60,240619,180000,113.18,113.3,112.63,113.06,6856210
GAZP,60,240619,190000,113.1,113.9,112.81,113.6,3593330
GAZP,60,240619,200000,113.61,113.66,112.6,113.52,5412040
GAZP,60,240619,210000,113.52,113.96,113.37,113.87,2976700
GAZP,60,240619,220000,113.87,114.4,113.8,114.17,1964080
GAZP,60,240619,230000,114.17,114.2,113.8,113.85,783830
GAZP,60,240620,100000,114.14,116,114,115.44,9424400
GAZP,60,240620,110000,115.43,115.85,115.01,115.53,4430870
GAZP,60,240620,120000,115.51,115.51,113.56,114.34,7671140
GAZP,60,240620,130000,114.33,114.33,112.6,113.24,12274680
GAZP,60,240620,140000,113.22,113.39,110.5,110.69,29708950
GAZP,60,240620,150000,110.7,112.5,110,111.87,73469870
GAZP,60,240620,160000,111.9,113.34,111.79,112.96,9544420
GAZP,60,240620,170000,112.96,114.94,112.42,114.88,9279220
GAZP,60,240620,180000,114.88,115.63,114.1,115.63,10052890
GAZP,60,240620,190000,115.6,115.6,114.3,114.56,3395480
GAZP,60,240620,200000,114.61,115.29,114.53,115.25,1644010
GAZP,60,240620,210000,115.26,115.99,115.06,115.92,2299480
GAZP,60,240620,220000,115.92,116.39,115.68,115.87,2087500
GAZP,60,240620,230000,115.95,116,115.71,115.92,992660
GAZP,60,240621,100000,116.04,116.8,114.53,114.95,11354720
GAZP,60,240621,110000,114.96,115.41,114.56,115.08,3557850
GAZP,60,240621,120000,115.07,115.2,114.14,114.23,3488260
GAZP,60,240621,130000,114.2,115.42,114.18,115.08,2769270
GAZP,60,240621,140000,115.06,116.28,115.06,115.93,4106950
GAZP,60,240621,150000,115.93,117.14,115.63,116.3,6983000
GAZP,60,240621,160000,116.3,117.25,116.01,116.38,4587710
GAZP,60,240621,170000,116.39,116.4,115.51,115.88,2838540
GAZP,60,240621,180000,115.87,116.06,115.5,115.57,1780380
GAZP,60,240621,190000,115.7,115.97,115.34,115.68,997440
GAZP,60,240621,200000,115.68,115.73,115.34,115.65,833810
GAZP,60,240621,210000,115.65,116.7,115.57,115.8,1099550
GAZP,60,240621,220000,115.79,115.85,115.55,115.61,703410
GAZP,60,240621,230000,115.61,115.65,115.23,115.4,824430
GAZP,60,240624,100000,115.39,116.35,114.78,115.86,5149630
GAZP,60,240624,110000,115.84,115.89,114.86,115.1,2857840
GAZP,60,240624,120000,115.11,115.22,114.2,114.51,2410670
GAZP,60,240624,130000,114.5,114.85,113.88,114.85,3267820
GAZP,60,240624,140000,114.85,115,114.27,114.39,1943710
GAZP,60,240624,150000,114.38,114.39,113.99,114.24,2187530
GAZP,60,240624,160000,114.23,114.52,114.03,114.51,1446310
GAZP,60,240624,170000,114.52,114.52,114,114.13,1759720
GAZP,60,240624,180000,114.13,114.27,113.2,113.5,2637670
GAZP,60,240624,190000,113.69,113.88,113.38,113.88,1223590
GAZP,60,240624,200000,113.88,114.1,113.65,113.67,863990
GAZP,60,240624,210000,113.65,113.94,113.55,113.67,522110
GAZP,60,240624,220000,113.66,113.88,113.51,113.85,484710
GAZP,60,240624,230000,113.85,113.9,113.66,113.67,549680
GAZP,60,240625,100000,114,114.45,112.92,113.51,4710170
GAZP,60,240625,110000,113.52,113.74,112.46,112.54,3748300
GAZP,60,240625,120000,112.53,113.45,112.46,113.04,2737540
GAZP,60,240625,130000,113.05,113.98,113.05,113.7,2307250
GAZP,60,240625,140000,113.69,114.21,112.8,113.11,3542990
GAZP,60,240625,150000,113.11,113.5,112.94,113.5,1295140
GAZP,60,240625,160000,113.5,113.99,113.38,113.69,2039250
GAZP,60,240625,170000,113.7,113.7,113.28,113.45,1584500
GAZP,60,240625,180000,113.46,113.79,113.39,113.79,2404440
GAZP,60,240625,190000,113.89,114.97,113.73,114.78,4279450
GAZP,60,240625,200000,114.78,114.9,114.43,114.62,838650
GAZP,60,240625,210000,114.67,114.88,114.41,114.81,593100
GAZP,60,240625,220000,114.8,115,114.7,114.86,990510
GAZP,60,240625,230000,114.84,115.09,114.78,114.97,1006330
GAZP,60,240626,100000,115.05,116.2,114.65,115.92,8429870
GAZP,60,240626,110000,115.93,116.4,115.61,115.67,5582120
GAZP,60,240626,120000,115.66,116.3,115.44,115.96,2387260
GAZP,60,240626,130000,115.96,117.25,115.62,116.46,8493230
GAZP,60,240626,140000,116.49,117.05,116.2,116.45,3161190
GAZP,60,240626,150000,116.46,116.82,116.1,116.2,2237900
GAZP,60,240626,160000,116.2,116.61,116.1,116.4,1325600
GAZP,60,240626,170000,116.4,116.5,115.73,116.17,1990840
GAZP,60,240626,180000,116.15,116.89,115.94,116.89,1545330
GAZP,60,240626,190000,116.87,116.87,116.54,116.68,1585560
GAZP,60,240626,200000,116.67,116.78,116.44,116.63,589230
GAZP,60,240626,210000,116.63,116.8,116.61,116.79,578450
GAZP,60,240626,220000,116.79,116.9,116.69,116.8,650190
GAZP,60,240626,230000,116.8,117.05,116.76,117,1112680
GAZP,60,240627,100000,117.05,118.37,116.57,117.06,10921650
GAZP,60,240627,110000,117.06,117.38,116.58,117.14,3045800
GAZP,60,240627,120000,117.11,117.14,116,116.41,3504710
GAZP,60,240627,130000,116.41,116.85,116.15,116.68,1917420
GAZP,60,240627,140000,116.68,116.86,116.42,116.59,1492440
GAZP,60,240627,150000,116.6,117.1,116.57,116.97,1608070
GAZP,60,240627,160000,116.98,117.04,116.62,116.71,1316320
GAZP,60,240627,170000,116.7,116.73,116.17,116.3,1628170
GAZP,60,240627,180000,116.31,116.4,116.02,116.02,1120240
GAZP,60,240627,190000,116.18,116.38,116.01,116.25,522080
GAZP,60,240627,200000,116.25,116.4,116.11,116.39,507720
GAZP,60,240627,210000,116.39,116.41,116.12,116.21,411990
GAZP,60,240627,220000,116.24,116.4,115.92,115.94,965050
GAZP,60,240627,230000,115.93,115.93,115.4,115.65,1945110
GAZP,60,240628,100000,116.33,116.65,115.66,115.87,4547940
GAZP,60,240628,110000,115.87,116.09,115.65,115.8,2291580
GAZP,60,240628,120000,115.8,116,114.88,115.49,4952550
GAZP,60,240628,130000,115.49,115.99,115.11,115.5,2787620
GAZP,60,240628,140000,115.51,115.69,115.11,115.12,1160470
GAZP,60,240628,150000,115.13,115.51,115.02,115.5,1202650
GAZP,60,240628,160000,115.49,115.8,115.31,115.53,1398280
GAZP,60,240628,170000,115.53,116.24,115.53,115.97,1602820
GAZP,60,240628,180000,115.96,116.01,115.57,116,918590
GAZP,60,240628,190000,115.98,116.06,115.78,115.86,540930
GAZP,60,240628,200000,115.86,115.87,115.57,115.72,506580
GAZP,60,240628,210000,115.74,115.84,115.61,115.8,337090
GAZP,60,240628,220000,115.82,115.99,115.73,115.77,538320
GAZP,60,240628,230000,115.77,116.06,115.7,115.94,1024520
GAZP,60,240701,100000,116.05,116.69,116,116.26,3443420
GAZP,60,240701,110000,116.25,117.3,116.13,117,3824190
GAZP,60,240701,120000,117,117.26,116.67,116.74,2857570
GAZP,60,240701,130000,116.74,117.8,116.69,117.49,3484310
GAZP,60,240701,140000,117.48,118.4,117.46,118.37,4945740
GAZP,60,240701,150000,118.37,118.86,118.09,118.24,4632560
GAZP,60,240701,160000,118.28,119.99,118.23,119.45,11650410
GAZP,60,240701,170000,119.46,119.87,119.08,119.69,4668110
GAZP,60,240701,180000,119.69,119.89,119.22,119.62,2509240
GAZP,60,240701,190000,119.62,119.93,119.4,119.93,2221800
GAZP,60,240701,200000,119.93,120.45,119.89,120.37,4124000
GAZP,60,240701,210000,120.36,121.82,120.33,121.26,6585500
GAZP,60,240701,220000,121.27,121.55,121.24,121.46,2384950
GAZP,60,240701,230000,121.47,121.63,121.3,121.4,2637650
GAZP,60,240702,100000,121.4,122.49,120.76,122.22,16992220
GAZP,60,240702,110000,122.21,122.26,120.82,121.24,8603190
GAZP,60,240702,120000,121.23,121.67,121.04,121.27,3433530
GAZP,60,240702,130000,121.27,121.81,121.14,121.5,3163980
GAZP,60,240702,140000,121.5,124.19,121.43,123.86,15427090
GAZP,60,240702,150000,123.86,126.39,123.78,126.21,28681870
GAZP,60,240702,160000,126.21,127.25,125.42,126.01,24706330
GAZP,60,240702,170000,126,127,125.7,126.82,11609840
GAZP,60,240702,180000,126.83,126.88,126.08,126.63,5551220
GAZP,60,240702,190000,126.69,126.7,125.91,126.15,4156130
GAZP,60,240702,200000,126.19,126.21,125.76,126.1,2508070
GAZP,60,240702,210000,126.12,126.57,125.97,126.02,2331840
GAZP,60,240702,220000,126.01,126.45,125.9,126.38,1527150
GAZP,60,240702,230000,126.34,126.39,126.19,126.2,1309370
GAZP,60,240703,100000,126.25,127.6,124.7,125.68,24397330
GAZP,60,240703,110000,125.68,125.82,125.02,125.44,5514110
GAZP,60,240703,120000,125.43,128.39,125.25,128.21,20058810
GAZP,60,240703,130000,128.2,129.45,127.75,128.1,35288490
GAZP,60,240703,140000,128.09,128.96,127.73,128,11677210
GAZP,60,240703,150000,127.99,128.21,127.5,127.63,9261550
GAZP,60,240703,160000,127.63,127.8,125.8,126.2,16876170
GAZP,60,240703,170000,126.2,126.49,125.39,125.6,12927580
GAZP,60,240703,180000,125.6,126.29,125.53,126.29,6074330
GAZP,60,240703,190000,126.28,126.29,124.14,124.4,12139360
GAZP,60,240703,200000,124.4,125.49,124.18,125.31,4822920
GAZP,60,240703,210000,125.3,125.3,124.56,124.68,2597570
GAZP,60,240703,220000,124.68,125.15,124.61,124.8,2164320
GAZP,60,240703,230000,124.8,125.12,124.8,124.96,1461300
GAZP,60,240704,100000,125.01,125.9,123.76,124.65,14726150
GAZP,60,240704,110000,124.65,126.8,124.52,125.83,12432670
GAZP,60,240704,120000,125.83,125.97,124.84,125.4,4899890
GAZP,60,240704,130000,125.4,125.6,124.05,124.56,5612910
GAZP,60,240704,140000,124.56,125.07,124.1,124.58,3690140
GAZP,60,240704,150000,124.58,124.84,124.37,124.42,1968200
GAZP,60,240704,160000,124.43,124.65,122.3,122.76,16172820
GAZP,60,240704,170000,122.76,123.25,122.1,122.86,8877110
GAZP,60,240704,180000,122.86,123.11,122.43,122.61,3880990
GAZP,60,240704,190000,122.61,123.12,122.23,122.83,3045130
GAZP,60,240704,200000,122.85,122.95,122.41,122.47,1296080
GAZP,60,240704,210000,122.48,122.74,122.41,122.61,862020
GAZP,60,240704,220000,122.61,122.81,122.5,122.55,965320
GAZP,60,240704,230000,122.59,122.63,121.7,122.17,2422370
GAZP,60,240705,100000,122.03,123.74,121.2,123.3,22290340
GAZP,60,240705,110000,123.3,123.88,121.77,123.85,13685850
GAZP,60,240705,120000,123.84,125.29,123.4,125,15418010
GAZP,60,240705,130000,125,126.75,124.52,125.93,26440280
GAZP,60,240705,140000,125.94,126.48,124.76,124.95,8877060
GAZP,60,240705,150000,124.95,125.89,124.52,125.56,8794750
GAZP,60,240705,160000,125.57,125.83,125,125.71,5620670
GAZP,60,240705,170000,125.72,126.09,125.16,125.95,4759570
GAZP,60,240705,180000,125.94,126.5,125.87,126.43,6369160
GAZP,60,240705,190000,126.44,126.68,126.1,126.2,2516940
GAZP,60,240705,200000,126.2,126.5,126.02,126.41,1982550
GAZP,60,240705,210000,126.4,126.75,126.24,126.74,1804450
GAZP,60,240705,220000,126.74,127,126.44,126.7,4094450
GAZP,60,240705,230000,126.7,126.74,126.41,126.74,1906650
GAZP,60,240708,100000,127.5,128.84,126.76,128.33,22514460
GAZP,60,240708,110000,128.34,128.41,127.44,127.66,7833120
GAZP,60,240708,120000,127.66,127.66,125.32,125.9,13970260
GAZP,60,240708,130000,125.89,126.52,125.36,126,7358040
GAZP,60,240708,140000,126,126.33,125.6,126.1,4071800
GAZP,60,240708,150000,126.11,126.59,125.82,125.95,4109030
GAZP,60,240708,160000,125.96,128.3,125.25,127.92,8787980
GAZP,60,240708,170000,127.92,128.4,126.5,127.52,12046030
GAZP,60,240708,180000,127.53,127.69,126.8,127.26,3235630
GAZP,60,240708,190000,127.26,127.47,127.04,127.1,994260
GAZP,60,240708,200000,127.1,127.1,126.65,127.06,1029390
GAZP,60,240708,210000,127.02,127.46,126.9,127.03,845310
GAZP,60,240708,220000,127.02,127.6,127,127.57,793440
GAZP,60,240708,230000,127.57,127.98,127.29,127.74,1926400
GAZP,60,240709,100000,127.99,128.97,126.95,127.83,15792470
GAZP,60,240709,110000,127.82,128.1,127,127.3,6334960
GAZP,60,240709,120000,127.29,128.13,127.1,127.56,4149290
GAZP,60,240709,130000,127.55,128.41,127.3,128.21,4478740
GAZP,60,240709,140000,128.21,128.78,127.57,127.63,5493410
GAZP,60,240709,150000,127.64,127.77,125.8,126.54,15353090
GAZP,60,240709,160000,126.54,126.62,125.5,126.5,6236250
GAZP,60,240709,170000,126.5,126.5,125.61,125.9,3257220
GAZP,60,240709,180000,125.9,125.93,123.57,124,15484950
GAZP,60,240709,190000,124.17,124.5,123.21,124.41,5907710
GAZP,60,240709,200000,124.44,124.76,124.21,124.34,1687770
GAZP,60,240709,210000,124.34,124.38,123.41,123.68,2718180
GAZP,60,240709,220000,123.66,124.06,123.46,123.57,1412860
GAZP,60,240709,230000,123.57,124.05,123.15,124.05,2068330
GAZP,60,240710,100000,124,124.7,122.4,123.2,17469750
GAZP,60,240710,110000,123.2,123.75,122.92,123.54,5278130
GAZP,60,240710,120000,123.54,125,123.49,123.79,9176830
GAZP,60,240710,130000,123.8,124.72,123.1,123.58,4256400
GAZP,60,240710,140000,123.57,123.65,122.6,122.94,3497480
GAZP,60,240710,150000,122.95,123.28,121.62,121.92,9200490
GAZP,60,240710,160000,121.91,122.44,120.05,120.27,13941070
GAZP,60,240710,170000,120.3,120.85,119,119.25,12626640
GAZP,60,240710,180000,119.25,119.86,118.53,119.43,9716180
GAZP,60,240710,190000,119.75,120.2,118.83,119.41,4324870
GAZP,60,240710,200000,119.42,119.83,118.78,119,2452230
GAZP,60,240710,210000,119,119.34,118.82,118.94,1596240
GAZP,60,240710,220000,118.95,119.29,118.2,118.4,2754710
GAZP,60,240710,230000,118.4,118.46,117.75,117.81,3310970
GAZP,60,240711,100000,117.61,121.4,117.6,120.69,19105580
GAZP,60,240711,110000,120.68,121.69,119.61,119.73,10674880
GAZP,60,240711,120000,119.73,121.55,119.5,121.28,6295340
GAZP,60,240711,130000,121.27,121.5,120.39,121.12,3782340
GAZP,60,240711,140000,121.12,122.2,121.03,121.97,8184170
GAZP,60,240711,150000,121.96,122.29,120.16,120.64,7665800
GAZP,60,240711,160000,120.63,121.2,120.52,120.55,3153830
GAZP,60,240711,170000,120.55,122.7,120.52,121.43,4730720
GAZP,60,240711,180000,121.43,121.9,121.04,121.04,2092090
GAZP,60,240711,190000,121.06,122.24,121.06,122.11,2265950
GAZP,60,240711,200000,122.12,122.17,121.7,121.96,1309410
GAZP,60,240711,210000,121.96,122.17,121.76,122.08,1163780
GAZP,60,240711,220000,122.08,122.08,121.74,121.87,688140
GAZP,60,240711,230000,121.86,121.91,121.39,121.75,967490
GAZP,60,240712,100000,121.9,122.47,120.66,120.9,7018560
GAZP,60,240712,110000,120.9,120.9,119.85,120.47,6599740
GAZP,60,240712,120000,120.47,121.87,119.75,119.9,5951970
GAZP,60,240712,130000,119.9,120.53,119.8,120.31,4149590
GAZP,60,240712,140000,120.31,120.38,119.16,119.28,3833590
GAZP,60,240712,150000,119.28,119.28,118.23,119.17,6469490
GAZP,60,240712,160000,119.17,120.36,118.6,120.17,6002110
GAZP,60,240712,170000,120.18,120.28,119.32,119.49,2084330
GAZP,60,240712,180000,119.49,119.78,119.04,119.4,1336990
GAZP,60,240712,190000,119.25,119.42,118.74,118.83,1324700
GAZP,60,240712,200000,118.82,119.07,118.53,118.98,1313910
GAZP,60,240712,210000,118.98,119.48,118.85,119.1,721240
GAZP,60,240712,220000,119.1,119.47,119.02,119.43,438690
GAZP,60,240712,230000,119.43,119.77,119.2,119.65,949130
GAZP,60,240715,100000,120,120.77,118.57,119.14,9461070
GAZP,60,240715,110000,119.14,120.99,119,120.05,6670800
GAZP,60,240715,120000,120.05,120.4,118.8,120.19,3806670
GAZP,60,240715,130000,120.19,120.61,119.84,120.35,1662260
GAZP,60,240715,140000,120.36,120.82,119.84,120.02,3020720
GAZP,60,240715,150000,120.02,120.1,119.5,120.05,2324040
GAZP,60,240715,160000,120.06,120.49,119.79,119.79,2309620
GAZP,60,240715,170000,119.79,119.87,119,119.11,3764670
GAZP,60,240715,180000,119.11,119.6,118.67,118.74,3187310
GAZP,60,240715,190000,118.7,119.26,118.52,119.04,1929650
GAZP,60,240715,200000,119.03,119.46,119,119.32,509540
GAZP,60,240715,210000,119.32,119.44,119.05,119.28,473010
GAZP,60,240715,220000,119.28,119.28,118.73,118.97,745720
GAZP,60,240715,230000,118.96,119.3,118.73,119.28,631770
GAZP,60,240716,100000,119.28,120.65,118.7,120.07,10132700
GAZP,60,240716,110000,120.07,120.76,118.61,119.05,9430140
GAZP,60,240716,120000,119.06,120.11,118.9,119.54,4498560
GAZP,60,240716,130000,119.53,120.27,119,119.73,3070370
GAZP,60,240716,140000,119.76,120.02,119.4,120.01,2224640
GAZP,60,240716,150000,120,120.45,119.7,119.78,2759730
GAZP,60,240716,160000,119.78,120.39,119.5,120.37,4068510
GAZP,60,240716,170000,120.38,124.98,119.85,124.8,13486430
GAZP,60,240716,180000,124.8,126.01,123.44,123.87,30013160
GAZP,60,240716,190000,123.87,124,123.1,123.37,6913040
GAZP,60,240716,200000,123.37,124.27,123.37,124.09,2263600
GAZP,60,240716,210000,124.08,124.18,123.63,124.06,1538170
GAZP,60,240716,220000,124.08,124.45,124.03,124.26,1314550
GAZP,60,240716,230000,124.31,124.75,124.2,124.74,1929580
GAZP,60,240717,100000,125.12,125.38,123.21,123.8,8875610
GAZP,60,240717,110000,123.8,125.75,123.8,125,9824060
GAZP,60,240717,120000,125,126.38,125,125.51,7375370
GAZP,60,240717,130000,125.52,125.9,125,125.21,4395720
GAZP,60,240717,140000,125.24,125.77,124.6,125.33,4795900
GAZP,60,240717,150000,125.34,125.88,125.14,125.62,2147110
GAZP,60,240717,160000,125.63,126.64,125.5,126.39,7635520
GAZP,60,240717,170000,126.39,126.83,126.1,126.22,6740000
GAZP,60,240717,180000,126.22,126.23,125.3,125.36,5970740
GAZP,60,240717,190000,125.43,125.73,125.23,125.42,1746020
GAZP,60,240717,200000,125.41,125.41,124.29,124.47,4672560
GAZP,60,240717,210000,124.46,124.99,124.46,124.85,1106450
GAZP,60,240717,220000,124.85,125,124.51,124.6,746910
GAZP,60,240717,230000,124.59,124.68,124.23,124.46,1188710
GAZP,60,240718,100000,124.46,125.56,123.38,124.83,10118080
GAZP,60,240718,110000,124.84,125.2,124.26,125.03,4268140
GAZP,60,240718,120000,125.03,126.3,125,126.01,6485560
GAZP,60,240718,130000,126.01,126.5,125.74,125.84,5015950
GAZP,60,240718,140000,125.85,126.22,125.51,126.04,3203210
GAZP,60,240718,150000,126.04,126.24,125.1,125.98,4534720
GAZP,60,240718,160000,125.97,126.6,125.95,126.27,4205230
GAZP,60,240718,170000,126.32,129,126.32,128.67,21771330
GAZP,60,240718,180000,128.67,129.65,128.2,128.73,11569500
GAZP,60,240718,190000,128.72,129.43,128.41,128.99,5971960
GAZP,60,240718,200000,129,129.24,128.6,129.23,2924600
GAZP,60,240718,210000,129.22,129.55,128.83,128.93,4753170
GAZP,60,240718,220000,128.92,129.4,128.87,129.36,1915210
GAZP,60,240718,230000,129.36,129.85,129.36,129.81,3029420
GAZP,60,240719,100000,130.12,131.17,129.24,129.85,17285560
GAZP,60,240719,110000,129.86,130.06,128.79,128.85,7944770
GAZP,60,240719,120000,128.85,130.4,128.84,130.03,6009150
GAZP,60,240719,130000,130.03,131.45,129.64,131.05,10567890
GAZP,60,240719,140000,131.09,131.66,130.23,131.21,7011730
GAZP,60,240719,150000,131.2,131.75,130.68,131.72,8787580
GAZP,60,240719,160000,131.71,132.47,131.29,131.61,12569670
GAZP,60,240719,170000,131.61,131.9,130.82,131.09,5030890
GAZP,60,240719,180000,131.09,131.38,130.31,130.82,4128310
GAZP,60,240719,190000,130.8,130.82,129.82,130.09,4324660
GAZP,60,240719,200000,130.09,130.25,129.28,129.9,3697080
GAZP,60,240719,210000,129.91,130.22,129.75,130.07,964640
GAZP,60,240719,220000,130.07,131.3,130.02,131.08,2975580
GAZP,60,240719,230000,131.13,131.29,130.71,130.88,1518460
GAZP,60,240722,100000,131.95,132.81,131.36,131.78,15065650
GAZP,60,240722,110000,131.79,132.28,131.21,132.04,6151580
GAZP,60,240722,120000,132.04,132.1,131.41,131.66,3264910
GAZP,60,240722,130000,131.65,131.68,131.02,131.28,3376500
GAZP,60,240722,140000,131.28,132.17,131.25,131.91,3342990
GAZP,60,240722,150000,131.91,131.91,131.2,131.43,2356820
GAZP,60,240722,160000,131.42,131.55,130.28,131.14,9156260
GAZP,60,240722,170000,131.14,131.4,130.61,131.27,3381130
GAZP,60,240722,180000,131.28,131.66,131.27,131.27,2376830
GAZP,60,240722,190000,131.27,131.56,131.22,131.56,934930
GAZP,60,240722,200000,131.58,131.97,131.38,131.5,1793150
GAZP,60,240722,210000,131.5,131.69,131.4,131.62,684850
GAZP,60,240722,220000,131.63,131.63,131.38,131.39,439400
GAZP,60,240722,230000,131.39,131.66,131.39,131.61,719470
GAZP,60,240723,100000,131.7,131.71,130.76,131.06,4409450
GAZP,60,240723,110000,131.08,131.25,130,130.62,6028460
GAZP,60,240723,120000,130.63,130.64,129.57,130.12,5478210
GAZP,60,240723,130000,130.1,130.59,130.01,130.56,2533370
GAZP,60,240723,140000,130.56,130.95,129.9,130.04,4154640
GAZP,60,240723,150000,130.03,130.33,129.75,130.14,1354870
GAZP,60,240723,160000,130.14,131.14,130.14,130.77,3462590
GAZP,60,240723,170000,130.73,133.63,130.7,133.07,14021670
GAZP,60,240723,180000,133.04,134,132.8,133.77,8882480
GAZP,60,240723,190000,133.77,133.77,133.23,133.34,3937060
GAZP,60,240723,200000,133.34,134.4,133.32,134.33,6012030
GAZP,60,240723,210000,134.33,134.59,134,134.13,4030290
GAZP,60,240723,220000,134.13,135,134.11,134.21,2784410
GAZP,60,240723,230000,134.2,134.21,133.76,134.07,2060640
GAZP,60,240724,100000,134.09,136.84,133.42,136.73,18988570
GAZP,60,240724,110000,136.71,136.88,135.88,136.34,11179350
GAZP,60,240724,120000,136.33,136.5,135.85,136.27,6771730
GAZP,60,240724,130000,136.26,136.4,135.91,136.16,2879520
GAZP,60,240724,140000,136.18,136.7,136.16,136.64,3998180
GAZP,60,240724,150000,136.64,137.28,136.26,136.43,6534200
GAZP,60,240724,160000,136.44,137.1,136.31,137.07,3398040
GAZP,60,240724,170000,137.05,137.13,136.73,136.98,3030730
GAZP,60,240724,180000,137,137.14,136.71,136.71,2794390
GAZP,60,240724,190000,136.71,137,136.49,136.59,1745120
GAZP,60,240724,200000,136.6,136.94,136.59,136.77,755890
GAZP,60,240724,210000,136.73,136.82,136.65,136.79,657850
GAZP,60,240724,220000,136.79,136.79,136.56,136.62,647160
GAZP,60,240724,230000,136.6,136.79,136.58,136.73,664540
GAZP,60,240725,100000,136.75,137.14,135.87,136.37,10064390
GAZP,60,240725,110000,136.35,136.7,134.87,134.99,8776010
GAZP,60,240725,120000,134.99,136.08,134.88,135.6,6009110
GAZP,60,240725,130000,135.61,136.46,135.3,136.34,2595270
GAZP,60,240725,140000,136.38,136.43,135.63,135.97,2277200
GAZP,60,240725,150000,135.96,135.96,135.5,135.6,1491460
GAZP,60,240725,160000,135.6,135.8,135.42,135.65,1320260
GAZP,60,240725,170000,135.66,136.48,135.62,136.31,2346050
GAZP,60,240725,180000,136.31,136.49,135.79,135.87,2113540
GAZP,60,240725,190000,135.87,135.93,135.62,135.68,788410
GAZP,60,240725,200000,135.68,135.86,135.52,135.7,599060
GAZP,60,240725,210000,135.7,135.8,135.52,135.61,539950
GAZP,60,240725,220000,135.61,135.66,135.11,135.38,1382520
GAZP,60,240725,230000,135.33,135.37,135.07,135.1,680690
GAZP,60,240726,100000,135.1,136.68,134.54,135.91,7470130
GAZP,60,240726,110000,135.9,136.5,135.9,136.08,2918520
GAZP,60,240726,120000,136.08,136.45,135.98,136.27,1615280
GAZP,60,240726,130000,136.28,136.47,133.27,134.68,17643290
GAZP,60,240726,140000,134.66,134.66,132.86,133.78,13505950
GAZP,60,240726,150000,133.76,133.92,132.59,133.72,11241950
GAZP,60,240726,160000,133.72,134.99,133.4,134.72,5308210
GAZP,60,240726,170000,134.72,135.98,134.71,135.29,10149230
GAZP,60,240726,180000,135.28,135.61,134.55,134.55,5233050
GAZP,60,240726,190000,134.56,135,134.33,134.66,1868120
GAZP,60,240726,200000,134.66,134.78,134,134.02,1352000
GAZP,60,240726,210000,134.02,134.56,133.72,134.05,1785470
GAZP,60,240726,220000,134.05,134.7,134.03,134.49,831820
GAZP,60,240726,230000,134.48,135.02,134.35,135,1186560
GAZP,60,240729,100000,134.49,134.77,133.23,133.96,7815820
GAZP,60,240729,110000,133.96,134.06,131.23,131.38,11765040
GAZP,60,240729,120000,131.39,131.57,130.12,131.56,13228150
GAZP,60,240729,130000,131.56,131.56,130.5,130.96,4819570
GAZP,60,240729,140000,130.94,132.06,130.8,131.83,4028550
GAZP,60,240729,150000,131.83,132.47,131.41,132.46,4195490
GAZP,60,240729,160000,132.46,132.92,132.12,132.81,3716620
GAZP,60,240729,170000,132.81,132.83,131.2,131.6,4645230
GAZP,60,240729,180000,131.6,131.71,130.51,130.53,4420340
GAZP,60,240729,190000,130.56,131.5,130.54,131.32,1604480
GAZP,60,240729,200000,131.29,131.47,130.8,131.43,1066520
GAZP,60,240729,210000,131.41,131.41,130.65,130.69,943130
GAZP,60,240729,220000,130.68,131.07,130.31,130.85,1406250
GAZP,60,240729,230000,130.85,131.15,130.62,130.99,918210
GAZP,60,240730,100000,130.8,132.55,130.46,131.81,9808220
GAZP,60,240730,110000,131.81,132.71,131.4,131.7,4679380
GAZP,60,240730,120000,131.71,132.64,131.6,132.44,2713160
GAZP,60,240730,130000,132.45,133.2,132.38,132.77,5892940
GAZP,60,240730,140000,132.78,133.19,132.12,133.08,3014240
GAZP,60,240730,150000,133.08,134,133.07,133.93,4856200
GAZP,60,240730,160000,133.91,134.07,133.42,133.62,3482370
GAZP,60,240730,170000,133.6,133.97,133.22,133.83,4301040
GAZP,60,240730,180000,133.83,133.84,132.05,132.89,9272090
GAZP,60,240730,190000,132.61,132.99,132.51,132.82,1340680
GAZP,60,240730,200000,132.81,132.88,132.35,132.58,1261170
GAZP,60,240730,210000,132.57,132.62,132.16,132.33,817650
GAZP,60,240730,220000,132.33,132.5,132.16,132.29,612730
GAZP,60,240730,230000,132.28,132.55,132,132.4,1138270
GAZP,60,240731,100000,132.35,132.87,132.01,132.78,4812510
GAZP,60,240731,110000,132.77,134.49,132.74,134.24,9247390
GAZP,60,240731,120000,134.24,134.24,132.02,132.42,6889760
GAZP,60,240731,130000,132.41,133.21,132.41,132.71,3574580
GAZP,60,240731,140000,132.71,133.77,132.15,133.37,3997840
GAZP,60,240731,150000,133.35,134.3,133.2,133.53,4144570
GAZP,60,240731,160000,133.52,134.09,133.1,133.98,3090090
GAZP,60,240731,170000,133.99,134.22,133,133.41,4094220
GAZP,60,240731,180000,133.42,133.71,132.48,133.3,3450160
GAZP,60,240731,190000,133.4,133.63,132.8,132.85,1614720
GAZP,60,240731,200000,132.85,133.03,132.6,132.8,1464760
GAZP,60,240731,210000,132.8,133.29,132.78,133.26,675600
GAZP,60,240731,220000,133.26,133.5,133.13,133.45,627360
GAZP,60,240731,230000,133.43,133.69,133.27,133.31,641810
GAZP,60,240801,100000,133.48,134.35,132.98,133.81,5098690
GAZP,60,240801,110000,133.84,133.92,133.31,133.43,2234020
GAZP,60,240801,120000,133.42,133.64,133.15,133.27,1395490
GAZP,60,240801,130000,133.26,133.64,132.76,133.1,3167250
GAZP,60,240801,140000,133.07,133.4,132.73,133.05,2525180
GAZP,60,240801,150000,133.05,133.4,132.66,133.02,1601980
GAZP,60,240801,160000,133.05,133.5,133.02,133.37,1005390
GAZP,60,240801,170000,133.37,133.48,132.81,132.98,1015100
GAZP,60,240801,180000,132.96,132.97,132.41,132.48,2726820
GAZP,60,240801,190000,132.48,132.97,132.25,132.75,1600500
GAZP,60,240801,200000,132.71,132.77,132.17,132.35,1989680
GAZP,60,240801,210000,132.35,132.49,131.51,131.9,3599690
GAZP,60,240801,220000,131.9,132.29,131.75,132.16,873250
GAZP,60,240801,230000,132.16,132.21,131.83,132.05,748090
